station_id,datapoint_id,alarm_id,event_time,value,valueThreshold,isActive,storedtime
1161115003,121,309,2017-02-19 10:46:09 UTC,199,200,true,
1161115003,121,309,2017-02-19 10:37:29 UTC,199,200,true,
1161115003,121,309,2017-02-19 10:37:45 UTC,200,200,false,
1161115003,121,309,2017-02-19 10:50:28 UTC,202,200,false,
1161115003,121,309,2017-02-19 10:38:42 UTC,201,200,false,
1161115003,121,309,2017-02-19 10:38:09 UTC,199,200,true,
1161115003,121,309,2017-02-20 04:34:01 UTC,200,200,false,
1161115003,121,309,2017-02-20 04:33:47 UTC,199,200,true,
1161115003,121,309,2017-02-20 04:36:52 UTC,200,200,false,
1161115003,121,309,2017-02-20 04:36:51 UTC,199,200,true,
1161115003,121,309,2017-02-20 09:53:16 UTC,200,200,false,
1161115003,121,309,2017-02-20 09:53:46 UTC,199,200,true,
1161115003,121,309,2017-02-20 09:53:51 UTC,200,200,false,
1161115003,121,309,2017-02-20 09:52:43 UTC,199,200,true,
1161115003,121,309,2017-02-20 11:32:26 UTC,200,200,false,
1161115003,121,309,2017-02-20 11:31:10 UTC,200,200,false,
1161115003,121,309,2017-02-20 11:31:04 UTC,199,200,true,
1161115003,121,309,2017-02-20 11:31:15 UTC,199,200,true,
1161115003,121,309,2017-02-22 04:41:33 UTC,200,200,false,
1161115003,121,309,2017-02-22 04:42:38 UTC,199,200,true,
1161115003,121,309,2017-02-22 04:42:32 UTC,200,200,false,
1161115003,121,309,2017-02-22 04:42:05 UTC,200,200,false,
1161115003,121,309,2017-02-22 04:15:36 UTC,199,200,true,
1161115003,121,309,2017-02-22 04:16:47 UTC,199,200,true,
1161115003,121,309,2017-02-22 04:57:15 UTC,200,200,false,
1161115003,121,309,2017-02-22 04:57:16 UTC,199,200,true,
1161115003,121,309,2017-02-22 04:42:26 UTC,199,200,true,
1161115003,121,309,2017-02-22 04:08:01 UTC,199,200,true,
1161115003,121,309,2017-02-22 04:16:15 UTC,199,200,true,
1161115003,121,309,2017-02-22 04:10:07 UTC,199,200,true,
1161115003,121,309,2017-02-22 04:57:01 UTC,199,200,true,
1161115003,121,309,2017-02-22 04:41:55 UTC,199,200,true,
1161115003,121,309,2017-02-22 04:56:41 UTC,200,200,false,
1161115003,121,309,2017-02-22 04:08:00 UTC,200,200,false,
1161115003,121,309,2017-02-22 04:18:13 UTC,199,200,true,
1161115003,121,309,2017-02-22 04:57:30 UTC,200,200,false,
1161115003,121,309,2017-02-22 04:16:42 UTC,200,200,false,
1161115003,121,309,2017-02-22 04:57:05 UTC,200,200,false,
1161115003,121,309,2017-02-22 04:07:50 UTC,200,200,false,
1161115003,121,309,2017-02-22 04:07:47 UTC,200,200,false,
1161115003,121,309,2017-02-22 04:57:33 UTC,199,200,true,
1161115003,121,309,2017-02-22 04:50:21 UTC,199,200,true,
1161115003,121,309,2017-02-22 04:11:04 UTC,200,200,false,
1161115003,121,309,2017-02-22 04:10:56 UTC,200,200,false,
1161115003,121,309,2017-02-22 04:07:56 UTC,199,200,true,
1161115003,121,309,2017-02-22 04:56:50 UTC,200,200,false,
1161115003,121,309,2017-02-22 04:18:13 UTC,200,200,false,
1161115003,121,309,2017-02-22 04:44:22 UTC,200,200,false,
1161115003,121,309,2017-02-22 04:57:15 UTC,199,200,true,
1161115003,121,309,2017-02-22 04:41:54 UTC,200,200,false,
1161115003,121,309,2017-02-22 04:08:55 UTC,200,200,false,
1161115003,121,309,2017-02-22 04:22:21 UTC,200,200,false,
1161115003,121,309,2017-02-22 04:15:55 UTC,200,200,false,
1161115003,121,309,2017-02-22 04:07:19 UTC,199,200,true,
1161115003,121,309,2017-02-22 04:56:41 UTC,199,200,true,
1161115003,121,309,2017-02-22 04:41:51 UTC,199,200,true,
1161115003,121,309,2017-02-22 04:11:04 UTC,199,200,true,
1161115003,121,309,2017-02-22 04:57:24 UTC,199,200,true,
1161115003,121,309,2017-02-22 04:32:18 UTC,199,200,true,
1161115003,121,309,2017-02-22 04:07:48 UTC,199,200,true,
1161115003,121,309,2017-02-22 04:57:17 UTC,200,200,false,
1161115003,121,309,2017-02-22 05:46:32 UTC,199,200,true,
1161115003,121,309,2017-02-22 05:03:59 UTC,199,200,true,
1161115003,121,309,2017-02-22 05:52:29 UTC,199,200,true,
1161115003,121,309,2017-02-22 05:03:37 UTC,200,200,false,
1161115003,121,309,2017-02-22 05:25:23 UTC,200,200,false,
1161115003,121,309,2017-02-22 05:14:22 UTC,200,200,false,
1161115003,121,309,2017-02-22 05:45:53 UTC,200,200,false,
1161115003,121,309,2017-02-22 05:55:26 UTC,200,200,false,
1161115003,121,309,2017-02-22 05:52:20 UTC,200,200,false,
1161115003,121,309,2017-02-22 05:25:49 UTC,199,200,true,
1161115003,121,309,2017-02-22 05:46:47 UTC,199,200,true,
1161115003,121,309,2017-02-22 05:48:49 UTC,200,200,false,
1161115003,121,309,2017-02-22 05:46:44 UTC,199,200,true,
1161115003,121,309,2017-02-22 05:04:05 UTC,200,200,false,
1161115003,121,309,2017-02-22 05:48:48 UTC,199,200,true,
1161115003,121,309,2017-02-22 05:46:23 UTC,199,200,true,
1161115003,121,309,2017-02-22 05:54:18 UTC,199,200,true,
1161115003,121,309,2017-02-22 05:14:22 UTC,199,200,true,
1161115003,121,309,2017-02-22 05:14:32 UTC,200,200,false,
1161115003,121,309,2017-02-22 05:54:13 UTC,200,200,false,
1161115003,121,309,2017-02-22 05:48:36 UTC,199,200,true,
1161115003,121,309,2017-02-22 05:46:40 UTC,200,200,false,
1161115003,121,309,2017-02-22 05:25:11 UTC,199,200,true,
1161115003,121,309,2017-02-22 05:52:17 UTC,199,200,true,
1161115003,121,309,2017-02-22 05:55:32 UTC,199,200,true,
1161115003,121,309,2017-02-22 05:46:28 UTC,200,200,false,
1161115003,121,309,2017-02-22 05:53:08 UTC,199,200,true,
1161115003,121,309,2017-02-22 05:26:46 UTC,200,200,false,
1161115003,121,309,2017-02-22 05:52:39 UTC,200,200,false,
1161115003,121,309,2017-02-22 05:45:53 UTC,199,200,true,
1161115003,121,309,2017-02-22 05:57:03 UTC,200,200,false,
1161115003,121,309,2017-02-22 05:46:48 UTC,200,200,false,
1161115003,121,309,2017-02-22 05:48:37 UTC,200,200,false,
1161115003,121,309,2017-02-22 05:46:44 UTC,200,200,false,
1161115003,121,309,2017-02-22 05:14:31 UTC,199,200,true,
1161115003,153,319,2017-02-22 08:52:22 UTC,999991,1,true,
1161115003,153,319,2017-02-22 08:52:45 UTC,999990,1,false,
1161115003,153,319,2017-02-22 08:54:58 UTC,999991,1,true,
1161115003,153,319,2017-02-22 08:54:11 UTC,999991,1,true,
1161115003,153,319,2017-02-22 08:55:55 UTC,999990,1,false,
1161115003,153,319,2017-02-22 08:55:06 UTC,999990,1,false,
1161115003,153,319,2017-02-22 08:54:15 UTC,999990,1,false,
1161115003,153,319,2017-02-22 08:55:40 UTC,999991,1,true,
1161115003,153,319,2017-02-22 08:52:07 UTC,999991,1,true,
1161115003,153,319,2017-02-22 08:55:25 UTC,999991,1,true,
1161115003,153,319,2017-02-22 08:53:20 UTC,999990,1,false,
1161115003,152,317,2017-02-22 08:52:05 UTC,999991,0,true,
1161115003,153,319,2017-02-22 08:54:02 UTC,999990,1,false,
1161115003,153,319,2017-02-22 08:54:53 UTC,999990,1,false,
1161115003,153,319,2017-02-22 08:52:38 UTC,999991,1,true,
1161115003,153,319,2017-02-22 08:55:39 UTC,999990,1,false,
1161115003,153,319,2017-02-22 08:52:37 UTC,999990,1,false,
1161115003,153,319,2017-02-22 08:52:54 UTC,999991,1,true,
1161115003,153,319,2017-02-22 08:54:28 UTC,999990,1,false,
1161115003,153,319,2017-02-22 08:54:35 UTC,999991,1,true,
1161115003,153,319,2017-02-22 08:53:13 UTC,999991,1,true,
1161115003,153,319,2017-02-22 08:53:35 UTC,999990,1,false,
1161115003,153,319,2017-02-22 08:53:50 UTC,999991,1,true,
1161115003,153,319,2017-02-22 08:53:59 UTC,999991,1,true,
1161115003,153,319,2017-02-22 08:53:28 UTC,999991,1,true,
1161115003,153,319,2017-02-22 08:54:23 UTC,999991,1,true,
1161115003,153,319,2017-02-22 08:53:08 UTC,999990,1,false,
1161115003,153,319,2017-02-22 08:52:19 UTC,999990,1,false,
1161115003,153,319,2017-02-22 08:53:53 UTC,999990,1,false,
1161115003,121,309,2017-02-22 10:22:36 UTC,200,200,false,
1161115003,121,309,2017-02-22 10:22:15 UTC,199,200,true,
1161115003,153,319,2017-02-22 11:27:57 UTC,999990,1,false,
1161115003,153,319,2017-02-22 11:39:18 UTC,999991,1,true,
1161115003,153,319,2017-02-22 11:39:21 UTC,999990,1,false,
1161115003,153,319,2017-02-22 11:36:09 UTC,999991,1,true,
1161115003,153,319,2017-02-22 11:37:31 UTC,999990,1,false,
1161115003,153,319,2017-02-22 11:49:52 UTC,999991,1,true,
1161115003,153,319,2017-02-22 11:28:27 UTC,999991,1,true,
1161115003,153,319,2017-02-22 11:50:11 UTC,999991,1,true,
1161115003,153,319,2017-02-22 11:37:28 UTC,999991,1,true,
1161115003,153,319,2017-02-22 11:27:45 UTC,999991,1,true,
1161115003,153,319,2017-02-22 11:54:47 UTC,999991,1,true,
1161115003,153,319,2017-02-22 11:50:26 UTC,999991,1,true,
1161115003,153,319,2017-02-22 11:54:41 UTC,999990,1,false,
1161115003,153,319,2017-02-22 11:50:17 UTC,999990,1,false,
1161115003,153,319,2017-02-22 11:55:07 UTC,999990,1,false,
1161115003,153,319,2017-02-22 11:38:46 UTC,999990,1,false,
1161115003,153,319,2017-02-22 11:38:49 UTC,999991,1,true,
1161115003,153,319,2017-02-22 11:38:33 UTC,999991,1,true,
1161115003,153,319,2017-02-22 11:50:14 UTC,999991,1,true,
1161115003,153,319,2017-02-22 11:40:53 UTC,999990,1,false,
1161115003,153,319,2017-02-22 11:40:58 UTC,999990,1,false,
1161115003,153,319,2017-02-22 11:50:14 UTC,999990,1,false,
1161115003,153,319,2017-02-22 11:28:30 UTC,999990,1,false,
1161115003,153,319,2017-02-22 11:27:23 UTC,999991,1,true,
1161115003,152,317,2017-02-22 11:55:31 UTC,999990,0,false,
1161115003,153,319,2017-02-22 11:27:16 UTC,999991,1,true,
1161115003,153,319,2017-02-22 11:54:55 UTC,999990,1,false,
1161115003,153,319,2017-02-22 11:38:28 UTC,999990,1,false,
1161115003,153,319,2017-02-22 11:36:12 UTC,999990,1,false,
1161115003,153,319,2017-02-22 11:40:48 UTC,999991,1,true,
1161115003,153,319,2017-02-22 11:54:44 UTC,999990,1,false,
1161115003,153,319,2017-02-22 11:54:42 UTC,999991,1,true,
1161115003,153,319,2017-02-22 11:55:03 UTC,999991,1,true,
1161115003,153,319,2017-02-22 11:29:38 UTC,999990,1,false,
1161115003,153,319,2017-02-22 11:38:30 UTC,999991,1,true,
1161115003,153,319,2017-02-22 11:38:06 UTC,999991,1,true,
1161115003,153,319,2017-02-22 11:54:51 UTC,999990,1,false,
1161115003,153,319,2017-02-22 11:55:24 UTC,999990,1,false,
1161115003,153,319,2017-02-22 11:55:19 UTC,999991,1,true,
1161115003,153,319,2017-02-22 11:54:32 UTC,999991,1,true,
1161115003,153,319,2017-02-22 11:27:19 UTC,999990,1,false,
1161115003,153,319,2017-02-22 11:28:08 UTC,999990,1,false,
1161115003,153,319,2017-02-22 11:29:29 UTC,999991,1,true,
1161115003,153,319,2017-02-22 11:49:58 UTC,999990,1,false,
1161115003,153,319,2017-02-22 11:40:53 UTC,999991,1,true,
1161115003,153,319,2017-02-22 11:28:05 UTC,999991,1,true,
1161115003,153,319,2017-02-22 11:38:17 UTC,999991,1,true,
1161115003,153,319,2017-02-22 11:54:51 UTC,999991,1,true,
1161115003,153,319,2017-02-22 11:55:17 UTC,999990,1,false,
1161115003,153,319,2017-02-22 11:27:36 UTC,999990,1,false,
1161115003,153,319,2017-02-22 11:38:33 UTC,999990,1,false,
1161115003,153,319,2017-02-22 11:38:09 UTC,999990,1,false,
1161115003,153,319,2017-02-22 11:38:52 UTC,999990,1,false,
1161115003,153,319,2017-02-22 11:50:30 UTC,999990,1,false,
1161115003,153,319,2017-02-22 11:55:09 UTC,999991,1,true,
1161115003,112,303,2017-02-23 04:32:04 UTC,999999,999999,false,
1161115003,121,309,2017-02-23 05:08:30 UTC,199,200,true,
1161115003,121,309,2017-02-23 05:09:34 UTC,200,200,false,
1161115003,112,303,2017-02-23 04:47:03 UTC,999999,999999,true,
1161115003,121,309,2017-02-23 05:20:33 UTC,197,200,true,
1161115003,121,309,2017-02-23 05:34:33 UTC,199,200,true,
1161115003,121,309,2017-02-23 05:49:24 UTC,216,200,false,
1161115003,121,309,2017-02-23 05:28:34 UTC,209,200,false,
1161115003,121,309,2017-02-23 06:02:16 UTC,215,200,false,
1161115003,121,309,2017-02-23 06:01:19 UTC,199,200,true,
1161115003,121,301,2017-02-23 08:13:09 UTC,0,80,true,
1161115003,121,301,2017-02-23 08:32:06 UTC,212,80,false,
1161115003,121,309,2017-02-24 04:42:19 UTC,205,200,false,
1161115003,121,309,2017-02-24 04:42:14 UTC,194,200,true,
1161115003,121,309,2017-02-24 04:50:46 UTC,196,200,true,
1161115003,121,309,2017-02-24 04:43:59 UTC,205,200,false,
1161115003,121,309,2017-02-24 04:40:41 UTC,205,200,false,
1161115003,121,309,2017-02-24 04:50:49 UTC,200,200,false,
1161115003,121,309,2017-02-24 04:40:36 UTC,198,200,true,
1161115003,121,309,2017-02-24 04:43:55 UTC,194,200,true,
1161115003,121,309,2017-02-24 04:59:25 UTC,202,200,false,
1161115003,121,309,2017-02-24 04:57:39 UTC,196,200,true,
1161115003,121,309,2017-02-24 04:57:42 UTC,200,200,false,
1161115003,121,309,2017-02-24 05:47:46 UTC,203,200,false,
1161115003,121,309,2017-02-24 04:59:21 UTC,196,200,true,
1161115003,121,309,2017-02-24 05:47:43 UTC,199,200,true,
1161115003,121,309,2017-02-24 06:40:20 UTC,202,200,false,
1161115003,121,309,2017-02-24 06:40:16 UTC,198,200,true,
1161115003,121,309,2017-02-24 06:45:36 UTC,200,200,false,
1161115003,121,309,2017-02-24 06:38:30 UTC,198,200,true,
1161115003,121,309,2017-02-24 06:52:24 UTC,198,200,true,
1161115003,121,309,2017-02-24 06:50:43 UTC,199,200,true,
1161115003,121,309,2017-02-24 06:49:01 UTC,199,200,true,
1161115003,121,309,2017-02-24 06:45:32 UTC,199,200,true,
1161115003,121,309,2017-02-24 05:55:57 UTC,199,200,true,
1161115003,121,309,2017-02-24 06:52:27 UTC,202,200,false,
1161115003,121,309,2017-02-24 06:47:20 UTC,203,200,false,
1161115003,121,309,2017-02-24 06:50:46 UTC,201,200,false,
1161115003,121,309,2017-02-24 05:57:40 UTC,199,200,true,
1161115003,121,309,2017-02-24 06:49:03 UTC,204,200,false,
1161115003,121,309,2017-02-24 06:47:18 UTC,199,200,true,
1161115003,121,309,2017-02-24 05:56:01 UTC,204,200,false,
1161115003,121,309,2017-02-24 06:38:33 UTC,202,200,false,
1161115003,121,309,2017-02-24 05:57:43 UTC,203,200,false,
1161115003,121,309,2017-02-24 07:04:44 UTC,201,200,false,
1161115003,121,309,2017-02-24 06:54:06 UTC,198,200,true,
1161115003,121,309,2017-02-24 07:45:50 UTC,199,200,true,
1161115003,121,309,2017-02-24 07:32:04 UTC,201,200,false,
1161115003,121,309,2017-02-24 07:35:28 UTC,201,200,false,
1161115003,121,309,2017-02-24 07:37:10 UTC,204,200,false,
1161115003,121,309,2017-02-24 07:04:41 UTC,198,200,true,
1161115003,121,309,2017-02-24 07:38:53 UTC,204,200,false,
1161115003,121,309,2017-02-24 06:57:42 UTC,200,200,false,
1161115003,121,309,2017-02-24 07:52:46 UTC,202,200,false,
1161115003,121,309,2017-02-24 07:47:34 UTC,203,200,false,
1161115003,121,309,2017-02-24 06:55:53 UTC,197,200,true,
1161115003,121,309,2017-02-24 07:50:56 UTC,199,200,true,
1161115003,121,309,2017-02-24 07:47:30 UTC,197,200,true,
1161115003,121,309,2017-02-24 07:45:52 UTC,204,200,false,
1161115003,121,309,2017-02-24 07:44:04 UTC,198,200,true,
1161115003,121,309,2017-02-24 07:32:01 UTC,197,200,true,
1161115003,121,309,2017-02-24 06:59:26 UTC,203,200,false,
1161115003,121,309,2017-02-24 07:38:50 UTC,199,200,true,
1161115003,121,309,2017-02-24 07:42:24 UTC,204,200,false,
1161115003,121,309,2017-02-24 07:26:49 UTC,196,200,true,
1161115003,121,309,2017-02-24 06:59:22 UTC,199,200,true,
1161115003,121,309,2017-02-24 07:44:07 UTC,200,200,false,
1161115003,121,309,2017-02-24 07:40:33 UTC,198,200,true,
1161115003,121,309,2017-02-24 07:37:06 UTC,198,200,true,
1161115003,121,309,2017-02-24 06:57:38 UTC,196,200,true,
1161115003,121,309,2017-02-24 07:26:52 UTC,200,200,false,
1161115003,121,309,2017-02-24 07:40:37 UTC,202,200,false,
1161115003,121,309,2017-02-24 07:42:19 UTC,194,200,true,
1161115003,121,309,2017-02-24 07:35:25 UTC,198,200,true,
1161115003,121,309,2017-02-24 07:50:59 UTC,203,200,false,
1161115003,121,309,2017-02-24 07:52:42 UTC,199,200,true,
1161115003,121,309,2017-02-24 06:55:57 UTC,200,200,false,
1161115003,121,309,2017-02-24 06:54:10 UTC,201,200,false,
1161115003,121,309,2017-02-24 08:42:33 UTC,203,200,false,
1161115003,121,309,2017-02-24 08:51:02 UTC,204,200,false,
1161115003,121,309,2017-02-24 08:28:53 UTC,203,200,false,
1161115003,121,309,2017-02-24 08:27:10 UTC,197,200,true,
1161115003,121,309,2017-02-24 08:04:52 UTC,202,200,false,
1161115003,121,309,2017-02-24 08:30:32 UTC,202,200,false,
1161115003,121,309,2017-02-24 08:33:58 UTC,194,200,true,
1161115003,121,309,2017-02-24 08:08:14 UTC,204,200,false,
1161115003,121,309,2017-02-24 08:13:22 UTC,202,200,false,
1161115003,121,309,2017-02-24 08:54:22 UTC,202,200,false,
1161115003,121,309,2017-02-24 08:35:40 UTC,199,200,true,
1161115003,121,309,2017-02-24 08:30:28 UTC,199,200,true,
1161115003,121,309,2017-02-24 08:52:40 UTC,198,200,true,
1161115003,121,309,2017-02-24 08:06:28 UTC,199,200,true,
1161115003,121,309,2017-02-24 07:54:28 UTC,201,200,false,
1161115003,121,309,2017-02-24 08:40:46 UTC,199,200,true,
1161115003,121,309,2017-02-24 08:32:11 UTC,196,200,true,
1161115003,121,309,2017-02-24 08:09:56 UTC,203,200,false,
1161115003,121,309,2017-02-24 08:45:54 UTC,196,200,true,
1161115003,121,309,2017-02-24 08:16:46 UTC,199,200,true,
1161115003,121,309,2017-02-24 08:16:50 UTC,202,200,false,
1161115003,121,309,2017-02-24 08:35:46 UTC,203,200,false,
1161115003,121,309,2017-02-24 08:28:49 UTC,199,200,true,
1161115003,121,309,2017-02-24 08:44:10 UTC,199,200,true,
1161115003,121,309,2017-02-24 08:03:09 UTC,204,200,false,
1161115003,121,309,2017-02-24 08:01:25 UTC,199,200,true,
1161115003,121,309,2017-02-24 08:03:06 UTC,199,200,true,
1161115003,121,309,2017-02-24 08:42:29 UTC,199,200,true,
1161115003,121,309,2017-02-24 08:45:59 UTC,205,200,false,
1161115003,121,309,2017-02-24 08:06:32 UTC,202,200,false,
1161115003,121,309,2017-02-24 08:27:13 UTC,200,200,false,
1161115003,121,309,2017-02-24 08:22:01 UTC,198,200,true,
1161115003,121,309,2017-02-24 07:54:25 UTC,197,200,true,
1161115003,121,309,2017-02-24 08:37:22 UTC,199,200,true,
1161115003,121,309,2017-02-24 08:23:43 UTC,198,200,true,
1161115003,121,309,2017-02-24 08:20:16 UTC,198,200,true,
1161115003,121,309,2017-02-24 08:13:19 UTC,199,200,true,
1161115003,121,309,2017-02-24 08:08:12 UTC,199,200,true,
1161115003,121,309,2017-02-24 08:09:53 UTC,198,200,true,
1161115003,121,309,2017-02-24 08:40:50 UTC,202,200,false,
1161115003,121,309,2017-02-24 08:18:35 UTC,204,200,false,
1161115003,121,309,2017-02-24 08:11:40 UTC,203,200,false,
1161115003,121,309,2017-02-24 08:22:05 UTC,202,200,false,
1161115003,121,309,2017-02-24 08:23:47 UTC,202,200,false,
1161115003,121,309,2017-02-24 08:04:47 UTC,199,200,true,
1161115003,121,309,2017-02-24 08:52:43 UTC,201,200,false,
1161115003,121,309,2017-02-24 08:25:27 UTC,195,200,true,
1161115003,121,309,2017-02-24 08:20:20 UTC,202,200,false,
1161115003,121,309,2017-02-24 08:25:31 UTC,201,200,false,
1161115003,121,309,2017-02-24 08:32:15 UTC,200,200,false,
1161115003,121,309,2017-02-24 08:18:32 UTC,199,200,true,
1161115003,121,309,2017-02-24 08:11:36 UTC,197,200,true,
1161115003,121,309,2017-02-24 08:37:26 UTC,203,200,false,
1161115003,121,309,2017-02-24 08:50:56 UTC,198,200,true,
1161115003,121,309,2017-02-24 08:54:18 UTC,198,200,true,
1161115003,121,309,2017-02-24 08:34:02 UTC,200,200,false,
1161115003,121,309,2017-02-24 08:44:14 UTC,201,200,false,
1161115003,121,309,2017-02-24 08:01:28 UTC,203,200,false,
1161115003,121,309,2017-02-24 09:27:23 UTC,205,200,false,
1161115003,121,309,2017-02-24 09:01:02 UTC,202,200,false,
1161115003,121,309,2017-02-24 09:10:55 UTC,199,200,true,
1161115003,121,309,2017-02-24 09:12:31 UTC,197,200,true,
1161115003,121,309,2017-02-24 08:55:59 UTC,199,200,true,
1161115003,121,309,2017-02-24 09:15:51 UTC,198,200,true,
1161115003,121,309,2017-02-24 09:22:24 UTC,199,200,true,
1161115003,121,309,2017-02-24 09:20:48 UTC,203,200,false,
1161115003,121,309,2017-02-24 09:25:40 UTC,199,200,true,
1161115003,121,309,2017-02-24 08:56:02 UTC,203,200,false,
1161115003,121,309,2017-02-24 09:24:02 UTC,199,200,true,
1161115003,121,309,2017-02-24 09:20:44 UTC,195,200,true,
1161115003,121,309,2017-02-24 09:12:35 UTC,200,200,false,
1161115003,121,309,2017-02-24 09:14:10 UTC,199,200,true,
1161115003,121,309,2017-02-24 09:25:44 UTC,201,200,false,
1161115003,121,309,2017-02-24 09:09:17 UTC,203,200,false,
1161115003,121,309,2017-02-24 09:19:04 UTC,199,200,true,
1161115003,121,309,2017-02-24 09:22:28 UTC,203,200,false,
1161115003,121,309,2017-02-24 09:24:05 UTC,202,200,false,
1161115003,121,309,2017-02-24 09:19:08 UTC,203,200,false,
1161115003,121,309,2017-02-24 09:27:18 UTC,195,200,true,
1161115003,121,309,2017-02-24 09:14:13 UTC,202,200,false,
1161115003,121,309,2017-02-24 09:17:28 UTC,197,200,true,
1161115003,121,309,2017-02-24 09:10:57 UTC,203,200,false,
1161115003,121,309,2017-02-24 09:17:32 UTC,200,200,false,
1161115003,121,309,2017-02-24 09:00:59 UTC,198,200,true,
1161115003,121,309,2017-02-24 09:09:13 UTC,199,200,true,
1161115003,121,309,2017-02-24 09:15:55 UTC,201,200,false,
1161115003,121,309,2017-02-24 10:44:38 UTC,201,200,false,
1161115003,121,309,2017-02-24 09:58:45 UTC,202,200,false,
1161115003,121,309,2017-02-24 10:52:38 UTC,204,200,false,
1161115003,121,309,2017-02-24 10:36:25 UTC,203,200,false,
1161115003,121,309,2017-02-24 10:11:50 UTC,199,200,true,
1161115003,121,309,2017-02-24 10:33:05 UTC,199,200,true,
1161115003,121,309,2017-02-24 10:06:59 UTC,199,200,true,
1161115003,121,309,2017-02-24 10:41:24 UTC,202,200,false,
1161115003,121,309,2017-02-24 10:11:55 UTC,202,200,false,
1161115003,121,309,2017-02-24 10:08:40 UTC,204,200,false,
1161115003,121,309,2017-02-24 09:57:01 UTC,199,200,true,
1161115003,121,309,2017-02-24 10:39:45 UTC,200,200,false,
1161115003,121,309,2017-02-24 09:58:41 UTC,198,200,true,
1161115003,121,309,2017-02-24 10:34:46 UTC,202,200,false,
1161115003,121,309,2017-02-24 10:08:36 UTC,198,200,true,
1161115003,121,309,2017-02-24 10:42:56 UTC,199,200,true,
1161115003,121,309,2017-02-24 10:39:41 UTC,197,200,true,
1161115003,121,309,2017-02-24 10:07:02 UTC,200,200,false,
1161115003,121,309,2017-02-24 10:51:01 UTC,203,200,false,
1161115003,121,309,2017-02-24 10:36:21 UTC,199,200,true,
1161115003,121,309,2017-02-24 09:57:05 UTC,202,200,false,
1161115003,121,309,2017-02-24 10:50:58 UTC,199,200,true,
1161115003,121,309,2017-02-24 10:33:08 UTC,202,200,false,
1161115003,121,309,2017-02-24 10:43:00 UTC,201,200,false,
1161115003,121,309,2017-02-24 10:41:21 UTC,199,200,true,
1161115003,121,309,2017-02-24 10:44:34 UTC,197,200,true,
1161115003,121,309,2017-02-24 10:34:44 UTC,199,200,true,
1161115003,121,309,2017-02-24 10:52:35 UTC,199,200,true,
1161115003,121,309,2017-02-24 11:52:09 UTC,200,200,false,
1161115003,121,309,2017-02-24 11:03:44 UTC,204,200,false,
1161115003,121,309,2017-02-24 11:26:16 UTC,199,200,true,
1161115003,121,309,2017-02-24 11:53:42 UTC,199,200,true,
1161115003,121,309,2017-02-24 11:05:19 UTC,199,200,true,
1161115003,121,309,2017-02-24 11:29:33 UTC,195,200,true,
1161115003,121,309,2017-02-24 11:24:39 UTC,198,200,true,
1161115003,121,309,2017-02-24 11:52:06 UTC,197,200,true,
1161115003,121,309,2017-02-24 11:48:50 UTC,199,200,true,
1161115003,121,309,2017-02-24 11:03:41 UTC,199,200,true,
1161115003,121,309,2017-02-24 11:06:56 UTC,202,200,false,
1161115003,121,309,2017-02-24 11:05:22 UTC,202,200,false,
1161115003,121,309,2017-02-24 11:47:16 UTC,197,200,true,
1161115003,121,309,2017-02-24 11:50:28 UTC,199,200,true,
1161115003,121,309,2017-02-24 11:06:52 UTC,199,200,true,
1161115003,121,309,2017-02-24 11:28:01 UTC,204,200,false,
1161115003,121,309,2017-02-24 11:26:22 UTC,200,200,false,
1161115003,121,309,2017-02-24 11:08:32 UTC,201,200,false,
1161115003,121,309,2017-02-24 11:27:55 UTC,197,200,true,
1161115003,121,309,2017-02-24 11:50:32 UTC,203,200,false,
1161115003,121,309,2017-02-24 11:24:45 UTC,200,200,false,
1161115003,121,309,2017-02-24 11:48:53 UTC,203,200,false,
1161115003,121,309,2017-02-24 11:08:28 UTC,197,200,true,
1161115003,121,309,2017-02-24 11:53:46 UTC,202,200,false,
1161115003,121,309,2017-02-24 11:47:19 UTC,200,200,false,
1161115003,121,309,2017-02-24 11:29:39 UTC,203,200,false,
1161115003,121,309,2017-02-24 12:17:28 UTC,199,200,true,
1161115003,121,309,2017-02-24 12:01:49 UTC,202,200,false,
1161115003,121,309,2017-02-24 12:42:07 UTC,200,200,false,
1161115003,121,309,2017-02-24 12:36:36 UTC,194,200,true,
1161115003,121,309,2017-02-24 12:54:32 UTC,199,200,true,
1161115003,121,309,2017-02-24 12:31:47 UTC,200,200,false,
1161115003,121,309,2017-02-24 12:35:05 UTC,202,200,false,
1161115003,121,309,2017-02-24 12:14:20 UTC,199,200,true,
1161115003,121,309,2017-02-24 12:12:49 UTC,204,200,false,
1161115003,121,309,2017-02-24 12:06:29 UTC,201,200,false,
1161115003,121,309,2017-02-24 12:41:27 UTC,200,200,false,
1161115003,121,309,2017-02-24 12:47:49 UTC,199,200,true,
1161115003,121,309,2017-02-24 12:38:14 UTC,200,200,false,
1161115003,121,309,2017-02-24 12:22:21 UTC,200,200,false,
1161115003,121,309,2017-02-24 12:41:20 UTC,195,200,true,
1161115003,121,309,2017-02-24 12:42:05 UTC,200,200,false,
1161115003,121,309,2017-02-24 12:31:43 UTC,196,200,true,
1161115003,121,309,2017-02-24 12:33:23 UTC,199,200,true,
1161115003,121,309,2017-02-24 12:03:21 UTC,205,200,false,
1161115003,121,309,2017-02-24 12:09:36 UTC,199,200,true,
1161115003,121,309,2017-02-24 12:54:37 UTC,200,200,false,
1161115003,121,309,2017-02-24 12:44:40 UTC,197,200,true,
1161115003,121,309,2017-02-24 12:04:50 UTC,194,200,true,
1161115003,121,309,2017-02-24 12:57:31 UTC,199,200,true,
1161115003,121,309,2017-02-24 12:08:01 UTC,197,200,true,
1161115003,121,309,2017-02-24 12:52:52 UTC,200,200,false,
1161115003,121,309,2017-02-24 12:09:39 UTC,203,200,false,
1161115003,121,309,2017-02-24 12:14:24 UTC,203,200,false,
1161115003,121,309,2017-02-24 12:42:01 UTC,200,200,false,
1161115003,121,309,2017-02-24 12:46:26 UTC,204,200,false,
1161115003,121,309,2017-02-24 12:54:28 UTC,200,200,false,
1161115003,121,309,2017-02-24 12:12:47 UTC,199,200,true,
1161115003,121,309,2017-02-24 12:42:02 UTC,199,200,true,
1161115003,121,309,2017-02-24 12:17:32 UTC,203,200,false,
1161115003,121,309,2017-02-24 12:55:02 UTC,199,200,true,
1161115003,121,309,2017-02-24 12:27:01 UTC,199,200,true,
1161115003,121,309,2017-02-24 12:27:05 UTC,203,200,false,
1161115003,121,309,2017-02-24 12:41:15 UTC,200,200,false,
1161115003,121,309,2017-02-24 12:33:27 UTC,202,200,false,
1161115003,121,309,2017-02-24 12:01:45 UTC,197,200,true,
1161115003,121,309,2017-02-24 12:57:35 UTC,202,200,false,
1161115003,121,309,2017-02-24 12:28:35 UTC,195,200,true,
1161115003,121,309,2017-02-24 12:42:20 UTC,199,200,true,
1161115003,121,309,2017-02-24 12:41:47 UTC,199,200,true,
1161115003,121,309,2017-02-24 12:52:40 UTC,200,200,false,
1161115003,121,309,2017-02-24 12:56:10 UTC,201,200,false,
1161115003,121,309,2017-02-24 12:54:19 UTC,196,200,true,
1161115003,121,309,2017-02-24 12:38:11 UTC,199,200,true,
1161115003,121,309,2017-02-24 12:53:22 UTC,200,200,false,
1161115003,121,309,2017-02-24 12:08:05 UTC,202,200,false,
1161115003,121,309,2017-02-24 12:06:25 UTC,197,200,true,
1161115003,121,309,2017-02-24 12:36:40 UTC,201,200,false,
1161115003,121,309,2017-02-24 12:28:39 UTC,202,200,false,
1161115003,121,309,2017-02-24 12:39:33 UTC,198,200,true,
1161115003,121,309,2017-02-24 12:46:20 UTC,196,200,true,
1161115003,121,309,2017-02-24 12:53:21 UTC,199,200,true,
1161115003,122,310,2017-02-24 12:39:49 UTC,27,30,false,
1161115003,122,310,2017-02-24 12:39:46 UTC,30.5,30,true,
1161115003,121,309,2017-02-24 12:55:17 UTC,200,200,false,
1161115003,121,309,2017-02-24 12:42:53 UTC,199,200,true,
1161115003,121,309,2017-02-24 12:35:01 UTC,198,200,true,
1161115003,121,309,2017-02-24 12:52:44 UTC,195,200,true,
1161115003,121,309,2017-02-24 12:04:54 UTC,203,200,false,
1161115003,121,309,2017-02-24 12:42:07 UTC,199,200,true,
1161115003,121,309,2017-02-24 12:03:17 UTC,195,200,true,
1161115003,121,309,2017-02-24 12:44:46 UTC,205,200,false,
1161115003,121,309,2017-02-24 12:55:54 UTC,196,200,true,
1161115003,121,309,2017-02-24 12:42:51 UTC,200,200,false,
1161115003,121,309,2017-02-24 12:22:16 UTC,195,200,true,
1161115003,121,309,2017-02-24 12:44:11 UTC,200,200,false,
1161115003,121,309,2017-02-24 12:00:16 UTC,201,200,false,
1161115003,121,309,2017-02-24 12:00:12 UTC,197,200,true,
1161115003,121,309,2017-02-24 13:30:46 UTC,199,200,true,
1161115003,121,309,2017-02-24 13:18:14 UTC,198,200,true,
1161115003,121,309,2017-02-24 13:16:43 UTC,201,200,false,
1161115003,121,309,2017-02-24 13:07:06 UTC,194,200,true,
1161115003,121,309,2017-02-24 13:13:34 UTC,203,200,false,
1161115003,121,309,2017-02-24 13:59:16 UTC,195,200,true,
1161115003,121,309,2017-02-24 13:35:33 UTC,198,200,true,
1161115003,121,309,2017-02-24 13:08:43 UTC,196,200,true,
1161115003,121,309,2017-02-24 13:15:04 UTC,196,200,true,
1161115003,121,309,2017-02-24 12:59:09 UTC,203,200,false,
1161115003,121,309,2017-02-24 13:19:50 UTC,200,200,false,
1161115003,121,309,2017-02-24 13:00:44 UTC,200,200,false,
1161115003,121,309,2017-02-24 12:59:06 UTC,199,200,true,
1161115003,121,309,2017-02-24 13:59:20 UTC,204,200,false,
1161115003,121,309,2017-02-24 13:18:18 UTC,203,200,false,
1161115003,121,309,2017-02-24 13:08:48 UTC,204,200,false,
1161115003,121,309,2017-02-24 13:07:13 UTC,203,200,false,
1161115003,121,309,2017-02-24 13:05:29 UTC,194,200,true,
1161115003,121,309,2017-02-24 13:10:23 UTC,201,200,false,
1161115003,121,309,2017-02-24 13:57:40 UTC,198,200,true,
1161115003,121,309,2017-02-24 13:35:37 UTC,202,200,false,
1161115003,121,309,2017-02-24 13:11:59 UTC,203,200,false,
1161115003,121,309,2017-02-24 13:05:34 UTC,202,200,false,
1161115003,121,309,2017-02-24 13:02:16 UTC,198,200,true,
1161115003,121,309,2017-02-24 13:02:20 UTC,202,200,false,
1161115003,121,309,2017-02-24 13:30:48 UTC,203,200,false,
1161115003,121,309,2017-02-24 13:03:51 UTC,197,200,true,
1161115003,121,309,2017-02-24 13:46:34 UTC,203,200,false,
1161115003,121,309,2017-02-24 13:57:44 UTC,200,200,false,
1161115003,121,309,2017-02-24 13:16:38 UTC,199,200,true,
1161115003,121,309,2017-02-24 13:11:56 UTC,199,200,true,
1161115003,121,309,2017-02-24 13:13:28 UTC,195,200,true,
1161115003,121,309,2017-02-24 13:21:23 UTC,203,200,false,
1161115003,121,309,2017-02-24 13:21:19 UTC,195,200,true,
1161115003,121,309,2017-02-24 13:03:57 UTC,205,200,false,
1161115003,121,309,2017-02-24 13:19:46 UTC,196,200,true,
1161115003,121,309,2017-02-24 13:46:32 UTC,199,200,true,
1161115003,121,309,2017-02-24 13:00:40 UTC,196,200,true,
1161115003,121,309,2017-02-24 13:10:19 UTC,199,200,true,
1161115003,121,309,2017-02-24 13:15:10 UTC,206,200,false,
1161115003,121,309,2017-02-24 14:02:23 UTC,200,200,false,
1161115003,121,309,2017-02-24 14:00:48 UTC,198,200,true,
1161115003,121,309,2017-02-24 14:02:20 UTC,197,200,true,
1161115003,121,309,2017-02-24 14:19:46 UTC,199,200,true,
1161115003,121,309,2017-02-24 14:00:52 UTC,202,200,false,
1161115003,121,309,2017-02-24 14:19:50 UTC,203,200,false,
1161115003,121,309,2017-02-24 15:37:38 UTC,202,200,false,
1161115003,121,309,2017-02-24 15:22:24 UTC,205,200,false,
1161115003,121,309,2017-02-24 15:39:03 UTC,199,200,true,
1161115003,121,309,2017-02-24 15:34:36 UTC,197,200,true,
1161115003,121,309,2017-02-24 15:33:13 UTC,202,200,false,
1161115003,121,309,2017-02-24 15:34:41 UTC,202,200,false,
1161115003,121,309,2017-02-24 15:25:24 UTC,198,200,true,
1161115003,121,309,2017-02-24 15:43:01 UTC,198,200,true,
1161115003,121,309,2017-02-24 15:40:38 UTC,204,200,false,
1161115003,121,309,2017-02-24 15:27:01 UTC,202,200,false,
1161115003,121,309,2017-02-24 15:23:51 UTC,197,200,true,
1161115003,121,309,2017-02-24 15:25:29 UTC,201,200,false,
1161115003,121,309,2017-02-24 15:36:10 UTC,202,200,false,
1161115003,121,309,2017-02-24 15:40:33 UTC,194,200,true,
1161115003,121,309,2017-02-24 15:23:57 UTC,200,200,false,
1161115003,121,309,2017-02-24 15:26:58 UTC,198,200,true,
1161115003,121,309,2017-02-24 15:39:08 UTC,200,200,false,
1161115003,121,309,2017-02-24 15:22:18 UTC,197,200,true,
1161115003,121,309,2017-02-24 15:20:43 UTC,197,200,true,
1161115003,121,309,2017-02-24 15:20:49 UTC,205,200,false,
1161115003,121,309,2017-02-24 15:44:43 UTC,202,200,false,
1161115003,121,309,2017-02-24 15:36:05 UTC,196,200,true,
1161115003,121,309,2017-02-24 15:42:04 UTC,194,200,true,
1161115003,121,309,2017-02-24 15:37:33 UTC,197,200,true,
1161115003,121,309,2017-02-24 15:33:08 UTC,196,200,true,
1161115003,121,309,2017-02-24 15:28:36 UTC,202,200,false,
1161115003,121,309,2017-02-24 15:28:33 UTC,198,200,true,
1161115003,121,309,2017-02-24 15:44:38 UTC,194,200,true,
1161115003,121,309,2017-02-24 15:43:06 UTC,201,200,false,
1161115003,121,309,2017-02-24 15:42:09 UTC,204,200,false,
1161115003,121,309,2017-02-25 01:10:43 UTC,196,200,true,
1161115003,121,309,2017-02-25 01:09:49 UTC,198,200,true,
1161115003,121,309,2017-02-25 01:10:00 UTC,200,200,false,
1161115003,121,309,2017-02-25 01:10:50 UTC,201,200,false,
1161115003,121,309,2017-02-25 01:22:06 UTC,197,200,true,
1161115003,121,309,2017-02-25 01:23:06 UTC,200,200,false,
1161115003,121,309,2017-02-25 01:15:35 UTC,196,200,true,
1161115003,121,309,2017-02-25 01:25:29 UTC,201,200,false,
1161115003,121,309,2017-02-25 01:22:12 UTC,201,200,false,
1161115003,121,309,2017-02-25 01:18:55 UTC,201,200,false,
1161115003,121,309,2017-02-25 01:32:00 UTC,196,200,true,
1161115003,121,309,2017-02-25 01:27:31 UTC,200,200,false,
1161115003,121,309,2017-02-25 01:35:31 UTC,200,200,false,
1161115003,121,309,2017-02-25 01:23:49 UTC,200,200,false,
1161115003,121,309,2017-02-25 01:12:20 UTC,194,200,true,
1161115003,121,309,2017-02-25 01:30:21 UTC,198,200,true,
1161115003,121,309,2017-02-25 01:35:32 UTC,199,200,true,
1161115003,121,309,2017-02-25 01:32:24 UTC,199,200,true,
1161115003,121,309,2017-02-25 01:23:15 UTC,199,200,true,
1161115003,121,309,2017-02-25 01:33:45 UTC,200,200,false,
1161115003,121,309,2017-02-25 01:25:22 UTC,198,200,true,
1161115003,121,309,2017-02-25 01:32:27 UTC,200,200,false,
1161115003,121,309,2017-02-25 01:15:40 UTC,202,200,false,
1161115003,121,309,2017-02-25 01:17:12 UTC,199,200,true,
1161115003,121,309,2017-02-25 01:27:30 UTC,199,200,true,
1161115003,121,309,2017-02-25 01:23:18 UTC,200,200,false,
1161115003,121,309,2017-02-25 01:32:43 UTC,200,200,false,
1161115003,121,309,2017-02-25 01:36:17 UTC,200,200,false,
1161115003,121,309,2017-02-25 01:20:34 UTC,203,200,false,
1161115003,121,309,2017-02-25 01:20:28 UTC,197,200,true,
1161115003,121,309,2017-02-25 01:17:17 UTC,202,200,false,
1161115003,121,309,2017-02-25 01:13:57 UTC,195,200,true,
1161115003,121,309,2017-02-25 01:35:27 UTC,200,200,false,
1161115003,121,309,2017-02-25 01:32:09 UTC,200,200,false,
1161115003,121,309,2017-02-25 01:18:49 UTC,198,200,true,
1161115003,121,309,2017-02-25 01:23:02 UTC,199,200,true,
1161115003,121,309,2017-02-25 01:14:02 UTC,203,200,false,
1161115003,121,309,2017-02-25 01:28:40 UTC,198,200,true,
1161115003,121,309,2017-02-25 01:12:25 UTC,204,200,false,
1161115003,121,309,2017-02-25 01:23:43 UTC,198,200,true,
1161115003,121,309,2017-02-25 01:27:28 UTC,200,200,false,
1161115003,121,309,2017-02-25 01:28:46 UTC,201,200,false,
1161115003,121,309,2017-02-25 01:27:02 UTC,196,200,true,
1161115003,121,309,2017-02-25 01:35:04 UTC,199,200,true,
1161115003,121,309,2017-02-25 01:35:29 UTC,199,200,true,
1161115003,121,309,2017-02-25 01:32:39 UTC,199,200,true,
1161115003,121,309,2017-02-25 01:33:36 UTC,198,200,true,
1161115003,121,309,2017-02-25 01:30:27 UTC,205,200,false,
1161115003,121,309,2017-02-25 01:27:09 UTC,200,200,false,
1161115003,121,309,2017-02-25 01:27:27 UTC,199,200,true,
1161115003,121,309,2017-02-25 02:14:50 UTC,196,200,true,
1161115003,121,309,2017-02-25 02:14:53 UTC,200,200,false,
1161115003,121,309,2017-02-25 02:13:07 UTC,197,200,true,
1161115003,121,309,2017-02-25 02:16:35 UTC,202,200,false,
1161115003,121,309,2017-02-25 02:16:31 UTC,199,200,true,
1161115003,121,309,2017-02-25 02:13:10 UTC,201,200,false,
1161115003,153,319,2017-02-25 03:33:27 UTC,999990,1,false,
1161115003,153,319,2017-02-25 03:47:47 UTC,999990,1,false,
1161115003,121,309,2017-02-25 04:10:27 UTC,196,200,true,
1161115003,153,319,2017-02-25 03:34:08 UTC,999991,1,true,
1161115003,153,319,2017-02-25 03:38:27 UTC,999991,1,true,
1161115003,153,319,2017-02-25 03:22:34 UTC,999991,1,true,
1161115003,121,309,2017-02-25 03:51:29 UTC,202,200,false,
1161115003,153,319,2017-02-25 03:37:17 UTC,999991,1,true,
1161115003,153,319,2017-02-25 03:41:05 UTC,999991,1,true,
1161115003,153,319,2017-02-25 03:43:35 UTC,999991,1,true,
1161115003,153,319,2017-02-25 03:39:53 UTC,999991,1,true,
1161115003,153,319,2017-02-25 03:41:10 UTC,999990,1,false,
1161115003,153,319,2017-02-25 03:23:19 UTC,999991,1,true,
1161115003,153,319,2017-02-25 03:27:35 UTC,999991,1,true,
1161115003,153,319,2017-02-25 03:39:43 UTC,999990,1,false,
1161115003,153,319,2017-02-25 03:36:23 UTC,999990,1,false,
1161115003,121,309,2017-02-25 03:58:20 UTC,198,200,true,
1161115003,153,319,2017-02-25 03:22:27 UTC,999990,1,false,
1161115003,153,319,2017-02-25 03:22:22 UTC,999991,1,true,
1161115003,153,319,2017-02-25 03:40:31 UTC,999990,1,false,
1161115003,153,319,2017-02-25 03:38:30 UTC,999990,1,false,
1161115003,153,319,2017-02-25 03:36:55 UTC,999990,1,false,
1161115003,153,319,2017-02-25 03:27:50 UTC,999991,1,true,
1161115003,153,319,2017-02-25 03:39:09 UTC,999991,1,true,
1161115003,153,319,2017-02-25 03:24:53 UTC,999990,1,false,
1161115003,153,319,2017-02-25 03:24:18 UTC,999990,1,false,
1161115003,153,319,2017-02-25 03:31:38 UTC,999990,1,false,
1161115003,153,319,2017-02-25 03:47:47 UTC,999991,1,true,
1161115003,153,319,2017-02-25 03:36:30 UTC,999990,1,false,
1161115003,153,319,2017-02-25 03:20:43 UTC,999991,1,true,
1161115003,153,319,2017-02-25 03:30:34 UTC,999991,1,true,
1161115003,153,319,2017-02-25 03:40:25 UTC,999991,1,true,
1161115003,153,319,2017-02-25 03:31:34 UTC,999991,1,true,
1161115003,153,319,2017-02-25 03:27:52 UTC,999990,1,false,
1161115003,153,319,2017-02-25 03:43:05 UTC,999991,1,true,
1161115003,153,319,2017-02-25 03:39:59 UTC,999991,1,true,
1161115003,153,319,2017-02-25 03:43:42 UTC,999990,1,false,
1161115003,153,319,2017-02-25 03:38:16 UTC,999990,1,false,
1161115003,153,319,2017-02-25 03:39:31 UTC,999990,1,false,
1161115003,153,319,2017-02-25 03:30:55 UTC,999991,1,true,
1161115003,153,319,2017-02-25 03:38:49 UTC,999990,1,false,
1161115003,153,319,2017-02-25 03:36:24 UTC,999991,1,true,
1161115003,153,319,2017-02-25 03:43:58 UTC,999990,1,false,
1161115003,153,319,2017-02-25 03:29:57 UTC,999991,1,true,
1161115003,121,309,2017-02-25 03:56:38 UTC,194,200,true,
1161115003,153,319,2017-02-25 03:34:15 UTC,999990,1,false,
1161115003,121,309,2017-02-25 03:56:43 UTC,203,200,false,
1161115003,153,319,2017-02-25 03:31:14 UTC,999990,1,false,
1161115003,153,319,2017-02-25 03:38:40 UTC,999991,1,true,
1161115003,121,309,2017-02-25 03:47:55 UTC,195,200,true,
1161115003,153,319,2017-02-25 03:22:39 UTC,999991,1,true,
1161115003,153,319,2017-02-25 03:26:30 UTC,999991,1,true,
1161115003,153,319,2017-02-25 03:46:28 UTC,999991,1,true,
1161115003,152,317,2017-02-25 03:48:17 UTC,999991,0,true,
1161115003,153,319,2017-02-25 03:44:35 UTC,999991,1,true,
1161115003,153,319,2017-02-25 03:22:01 UTC,999991,1,true,
1161115003,153,319,2017-02-25 03:43:09 UTC,999990,1,false,
1161115003,153,319,2017-02-25 03:43:15 UTC,999990,1,false,
1161115003,153,319,2017-02-25 03:46:37 UTC,999990,1,false,
1161115003,121,309,2017-02-25 03:54:53 UTC,199,200,true,
1161115003,153,319,2017-02-25 03:38:45 UTC,999990,1,false,
1161115003,153,319,2017-02-25 03:31:50 UTC,999991,1,true,
1161115003,153,319,2017-02-25 03:47:55 UTC,999990,1,false,
1161115003,121,309,2017-02-25 03:54:57 UTC,203,200,false,
1161115003,153,319,2017-02-25 03:41:53 UTC,999991,1,true,
1161115003,153,319,2017-02-25 03:36:55 UTC,999991,1,true,
1161115003,153,319,2017-02-25 03:43:55 UTC,999991,1,true,
1161115003,153,319,2017-02-25 03:37:21 UTC,999990,1,false,
1161115003,121,309,2017-02-25 03:58:25 UTC,201,200,false,
1161115003,153,319,2017-02-25 03:31:03 UTC,999990,1,false,
1161115003,152,317,2017-02-25 03:48:16 UTC,999990,0,false,
1161115003,121,309,2017-02-25 04:10:31 UTC,200,200,false,
1161115003,153,319,2017-02-25 03:21:20 UTC,999991,1,true,
1161115003,153,319,2017-02-25 03:39:37 UTC,999991,1,true,
1161115003,153,319,2017-02-25 03:21:29 UTC,999990,1,false,
1161115003,153,319,2017-02-25 03:21:46 UTC,999990,1,false,
1161115003,153,319,2017-02-25 03:34:48 UTC,999990,1,false,
1161115003,153,319,2017-02-25 03:27:37 UTC,999990,1,false,
1161115003,153,319,2017-02-25 03:39:13 UTC,999990,1,false,
1161115003,121,309,2017-02-25 03:53:11 UTC,198,200,true,
1161115003,153,319,2017-02-25 03:23:23 UTC,999990,1,false,
1161115003,153,319,2017-02-25 03:37:24 UTC,999990,1,false,
1161115003,153,319,2017-02-25 03:38:11 UTC,999991,1,true,
1161115003,153,319,2017-02-25 03:35:54 UTC,999991,1,true,
1161115003,121,309,2017-02-25 03:49:38 UTC,193,200,true,
1161115003,153,319,2017-02-25 03:24:51 UTC,999991,1,true,
1161115003,121,309,2017-02-25 04:08:49 UTC,205,200,false,
1161115003,153,319,2017-02-25 03:46:19 UTC,999991,1,true,
1161115003,153,319,2017-02-25 03:37:42 UTC,999991,1,true,
1161115003,121,309,2017-02-25 03:49:43 UTC,203,200,false,
1161115003,153,319,2017-02-25 03:20:48 UTC,999990,1,false,
1161115003,153,319,2017-02-25 03:41:03 UTC,999990,1,false,
1161115003,153,319,2017-02-25 03:34:24 UTC,999990,1,false,
1161115003,153,319,2017-02-25 03:30:37 UTC,999990,1,false,
1161115003,153,319,2017-02-25 03:41:57 UTC,999990,1,false,
1161115003,153,319,2017-02-25 03:39:28 UTC,999991,1,true,
1161115003,153,319,2017-02-25 03:34:17 UTC,999991,1,true,
1161115003,153,319,2017-02-25 03:21:11 UTC,999990,1,false,
1161115003,153,319,2017-02-25 03:46:25 UTC,999991,1,true,
1161115003,121,309,2017-02-25 04:13:50 UTC,199,200,true,
1161115003,153,319,2017-02-25 03:40:54 UTC,999991,1,true,
1161115003,153,319,2017-02-25 03:48:29 UTC,999991,1,true,
1161115003,153,319,2017-02-25 03:36:52 UTC,999991,1,true,
1161115003,153,319,2017-02-25 03:31:53 UTC,999990,1,false,
1161115003,153,319,2017-02-25 03:41:23 UTC,999991,1,true,
1161115003,153,319,2017-02-25 03:35:33 UTC,999990,1,false,
1161115003,153,319,2017-02-25 03:39:58 UTC,999990,1,false,
1161115003,121,309,2017-02-25 03:53:15 UTC,202,200,false,
1161115003,153,319,2017-02-25 03:26:33 UTC,999990,1,false,
1161115003,153,319,2017-02-25 03:22:38 UTC,999990,1,false,
1161115003,153,319,2017-02-25 03:21:52 UTC,999990,1,false,
1161115003,153,319,2017-02-25 03:48:15 UTC,999990,1,false,
1161115003,153,319,2017-02-25 03:22:47 UTC,999990,1,false,
1161115003,153,319,2017-02-25 03:22:54 UTC,999990,1,false,
1161115003,153,319,2017-02-25 03:48:19 UTC,999991,1,true,
1161115003,153,319,2017-02-25 03:46:28 UTC,999990,1,false,
1161115003,153,319,2017-02-25 03:27:38 UTC,999991,1,true,
1161115003,153,319,2017-02-25 03:43:10 UTC,999991,1,true,
1161115003,153,319,2017-02-25 03:48:25 UTC,999990,1,false,
1161115003,153,319,2017-02-25 03:48:40 UTC,999990,1,false,
1161115003,153,319,2017-02-25 03:36:59 UTC,999990,1,false,
1161115003,153,319,2017-02-25 03:48:10 UTC,999991,1,true,
1161115003,153,319,2017-02-25 03:46:23 UTC,999990,1,false,
1161115003,153,319,2017-02-25 03:21:48 UTC,999991,1,true,
1161115003,152,317,2017-02-25 03:20:38 UTC,999991,0,true,
1161115003,153,319,2017-02-25 03:34:42 UTC,999991,1,true,
1161115003,153,319,2017-02-25 03:40:11 UTC,999990,1,false,
1161115003,153,319,2017-02-25 03:24:30 UTC,999991,1,true,
1161115003,153,319,2017-02-25 03:37:50 UTC,999990,1,false,
1161115003,153,319,2017-02-25 03:36:01 UTC,999990,1,false,
1161115003,153,319,2017-02-25 03:20:48 UTC,999991,1,true,
1161115003,153,319,2017-02-25 03:44:37 UTC,999990,1,false,
1161115003,153,319,2017-02-25 03:24:36 UTC,999990,1,false,
1161115003,153,319,2017-02-25 03:31:11 UTC,999991,1,true,
1161115003,153,319,2017-02-25 03:33:18 UTC,999991,1,true,
1161115003,153,319,2017-02-25 03:38:16 UTC,999991,1,true,
1161115003,121,309,2017-02-25 03:51:24 UTC,195,200,true,
1161115003,153,319,2017-02-25 03:36:19 UTC,999991,1,true,
1161115003,153,319,2017-02-25 03:22:48 UTC,999991,1,true,
1161115003,153,319,2017-02-25 03:22:09 UTC,999990,1,false,
1161115003,153,319,2017-02-25 03:27:41 UTC,999990,1,false,
1161115003,153,319,2017-02-25 03:37:21 UTC,999991,1,true,
1161115003,153,319,2017-02-25 03:30:01 UTC,999990,1,false,
1161115003,153,319,2017-02-25 03:38:46 UTC,999991,1,true,
1161115003,153,319,2017-02-25 03:38:27 UTC,999990,1,false,
1161115003,153,319,2017-02-25 03:40:35 UTC,999991,1,true,
1161115003,121,309,2017-02-25 04:12:11 UTC,200,200,false,
1161115003,153,319,2017-02-25 03:23:05 UTC,999991,1,true,
1161115003,121,309,2017-02-25 04:12:08 UTC,195,200,true,
1161115003,121,309,2017-02-25 04:08:43 UTC,195,200,true,
1161115003,153,319,2017-02-25 03:21:36 UTC,999991,1,true,
1161115003,153,319,2017-02-25 03:47:42 UTC,999991,1,true,
1161115003,153,319,2017-02-25 03:24:10 UTC,999991,1,true,
1161115003,153,319,2017-02-25 03:40:40 UTC,999990,1,false,
1161115003,153,319,2017-02-25 03:41:27 UTC,999990,1,false,
1161115003,121,309,2017-02-25 03:47:59 UTC,203,200,false,
1161115003,121,309,2017-02-25 04:13:52 UTC,204,200,false,
1161115003,153,319,2017-02-25 03:35:28 UTC,999991,1,true,
1161115003,153,319,2017-02-25 03:23:08 UTC,999990,1,false,
1161115003,121,309,2017-02-25 05:05:22 UTC,199,200,true,
1161115003,121,309,2017-02-25 04:42:44 UTC,199,200,true,
1161115003,121,309,2017-02-25 05:05:26 UTC,202,200,false,
1161115003,121,309,2017-02-25 04:51:27 UTC,199,200,true,
1161115003,121,309,2017-02-25 04:37:39 UTC,200,200,false,
1161115003,121,309,2017-02-25 05:10:38 UTC,203,200,false,
1161115003,121,309,2017-02-25 05:07:11 UTC,202,200,false,
1161115003,121,309,2017-02-25 04:37:36 UTC,198,200,true,
1161115003,121,309,2017-02-25 04:41:02 UTC,199,200,true,
1161115003,121,309,2017-02-25 05:10:35 UTC,199,200,true,
1161115003,121,309,2017-02-25 05:07:07 UTC,199,200,true,
1161115003,121,309,2017-02-25 04:42:47 UTC,204,200,false,
1161115003,121,309,2017-02-25 04:51:30 UTC,205,200,false,
1161115003,121,309,2017-02-25 04:41:05 UTC,204,200,false,
1161115003,121,309,2017-02-25 05:19:10 UTC,203,200,false,
1161115003,121,309,2017-02-25 06:16:31 UTC,199,200,true,
1161115003,121,309,2017-02-25 05:17:25 UTC,199,200,true,
1161115003,121,309,2017-02-25 05:24:14 UTC,196,200,true,
1161115003,121,309,2017-02-25 05:19:06 UTC,199,200,true,
1161115003,121,309,2017-02-25 05:29:27 UTC,197,200,true,
1161115003,121,309,2017-02-25 05:27:44 UTC,200,200,false,
1161115003,121,309,2017-02-25 05:27:40 UTC,196,200,true,
1161115003,121,309,2017-02-25 05:24:17 UTC,200,200,false,
1161115003,121,309,2017-02-25 05:26:02 UTC,202,200,false,
1161115003,121,309,2017-02-25 05:25:59 UTC,199,200,true,
1161115003,121,309,2017-02-25 05:29:31 UTC,203,200,false,
1161115003,121,309,2017-02-25 06:16:34 UTC,203,200,false,
1161115003,121,309,2017-02-25 05:17:27 UTC,203,200,false,
1161115003,121,309,2017-02-25 07:02:20 UTC,199,200,true,
1161115003,121,309,2017-02-25 06:46:19 UTC,202,200,false,
1161115003,121,309,2017-02-25 06:48:02 UTC,200,200,false,
1161115003,121,309,2017-02-25 07:04:08 UTC,199,200,true,
1161115003,121,309,2017-02-25 07:07:45 UTC,202,200,false,
1161115003,121,309,2017-02-25 07:14:41 UTC,199,200,true,
1161115003,121,309,2017-02-25 07:16:30 UTC,204,200,false,
1161115003,121,309,2017-02-25 07:05:58 UTC,201,200,false,
1161115003,121,309,2017-02-25 06:55:12 UTC,203,200,false,
1161115003,121,309,2017-02-25 07:07:42 UTC,195,200,true,
1161115003,121,309,2017-02-25 06:58:49 UTC,201,200,false,
1161115003,121,309,2017-02-25 07:16:24 UTC,195,200,true,
1161115003,121,309,2017-02-25 06:57:00 UTC,202,200,false,
1161115003,121,309,2017-02-25 06:53:22 UTC,202,200,false,
1161115003,121,309,2017-02-25 07:04:13 UTC,202,200,false,
1161115003,121,309,2017-02-25 06:35:37 UTC,198,200,true,
1161115003,121,309,2017-02-25 06:49:43 UTC,198,200,true,
1161115003,121,309,2017-02-25 06:49:47 UTC,201,200,false,
1161115003,121,309,2017-02-25 06:47:58 UTC,197,200,true,
1161115003,121,309,2017-02-25 06:56:56 UTC,198,200,true,
1161115003,121,309,2017-02-25 06:51:35 UTC,200,200,false,
1161115003,121,309,2017-02-25 06:35:41 UTC,203,200,false,
1161115003,121,309,2017-02-25 06:58:45 UTC,198,200,true,
1161115003,121,309,2017-02-25 06:55:08 UTC,199,200,true,
1161115003,121,309,2017-02-25 07:05:54 UTC,196,200,true,
1161115003,121,309,2017-02-25 07:00:38 UTC,203,200,false,
1161115003,121,309,2017-02-25 06:53:18 UTC,199,200,true,
1161115003,121,309,2017-02-25 07:00:33 UTC,195,200,true,
1161115003,121,309,2017-02-25 07:14:48 UTC,204,200,false,
1161115003,121,309,2017-02-25 06:46:15 UTC,198,200,true,
1161115003,121,309,2017-02-25 06:51:31 UTC,196,200,true,
1161115003,121,309,2017-02-25 07:02:26 UTC,202,200,false,
1161115003,122,310,2017-02-25 08:11:59 UTC,31.5,30,true,
1161115003,121,309,2017-02-25 08:04:38 UTC,195,200,true,
1161115003,121,309,2017-02-25 08:06:35 UTC,203,200,false,
1161115003,121,309,2017-02-25 07:43:22 UTC,197,200,true,
1161115003,121,309,2017-02-25 07:45:10 UTC,198,200,true,
1161115003,122,310,2017-02-25 08:12:03 UTC,27.5,30,false,
1161115003,121,309,2017-02-25 07:57:38 UTC,203,200,false,
1161115003,122,310,2017-02-25 08:10:07 UTC,31.5,30,true,
1161115003,121,309,2017-02-25 07:46:55 UTC,198,200,true,
1161115003,121,309,2017-02-25 08:08:22 UTC,204,200,false,
1161115003,121,309,2017-02-25 07:59:23 UTC,204,200,false,
1161115003,121,309,2017-02-25 08:08:18 UTC,196,200,true,
1161115003,121,309,2017-02-25 07:59:18 UTC,195,200,true,
1161115003,121,309,2017-02-25 07:17:07 UTC,199,200,true,
1161115003,121,309,2017-02-25 07:43:25 UTC,200,200,false,
1161115003,121,309,2017-02-25 08:09:23 UTC,196,200,true,
1161115003,121,309,2017-02-25 08:06:31 UTC,194,200,true,
1161115003,121,309,2017-02-25 07:54:04 UTC,199,200,true,
1161115003,121,309,2017-02-25 08:01:05 UTC,195,200,true,
1161115003,121,309,2017-02-25 07:55:48 UTC,198,200,true,
1161115003,122,310,2017-02-25 07:36:10 UTC,27.5,30,false,
1161115003,121,309,2017-02-25 07:43:09 UTC,200,200,false,
1161115003,121,309,2017-02-25 07:55:52 UTC,203,200,false,
1161115003,121,309,2017-02-25 07:45:14 UTC,200,200,false,
1161115003,121,309,2017-02-25 07:54:07 UTC,201,200,false,
1161115003,122,310,2017-02-25 08:13:47 UTC,31,30,true,
1161115003,121,309,2017-02-25 07:47:01 UTC,203,200,false,
1161115003,121,309,2017-02-25 08:02:55 UTC,200,200,false,
1161115003,121,309,2017-02-25 08:02:52 UTC,198,200,true,
1161115003,122,310,2017-02-25 07:39:51 UTC,27.5,30,false,
1161115003,121,309,2017-02-25 08:04:42 UTC,203,200,false,
1161115003,122,310,2017-02-25 08:13:50 UTC,28,30,false,
1161115003,122,310,2017-02-25 08:17:31 UTC,28,30,false,
1161115003,122,310,2017-02-25 08:15:36 UTC,31.5,30,true,
1161115003,122,310,2017-02-25 07:39:48 UTC,30.5,30,true,
1161115003,121,309,2017-02-25 07:57:33 UTC,197,200,true,
1161115003,122,310,2017-02-25 08:15:39 UTC,27.5,30,false,
1161115003,122,310,2017-02-25 08:17:28 UTC,31,30,true,
1161115003,122,310,2017-02-25 08:10:10 UTC,27.5,30,false,
1161115003,121,309,2017-02-25 08:01:10 UTC,203,200,false,
1161115003,122,310,2017-02-25 07:36:07 UTC,30.5,30,true,
1161115003,121,309,2017-02-25 09:03:25 UTC,200,200,false,
1161115003,121,309,2017-02-25 08:25:00 UTC,200,200,false,
1161115003,121,309,2017-02-25 08:48:37 UTC,194,200,true,
1161115003,121,309,2017-02-25 08:43:05 UTC,198,200,true,
1161115003,121,309,2017-02-25 08:55:44 UTC,195,200,true,
1161115003,121,309,2017-02-25 08:50:30 UTC,200,200,false,
1161115003,121,309,2017-02-25 09:09:11 UTC,199,200,true,
1161115003,121,309,2017-02-25 08:37:36 UTC,202,200,false,
1161115003,121,309,2017-02-25 09:03:09 UTC,197,200,true,
1161115003,121,309,2017-02-25 09:02:47 UTC,198,200,true,
1161115003,121,309,2017-02-25 08:57:31 UTC,199,200,true,
1161115003,122,310,2017-02-25 08:23:06 UTC,30.5,30,true,
1161115003,121,309,2017-02-25 08:43:10 UTC,201,200,false,
1161115003,121,309,2017-02-25 08:29:44 UTC,200,200,false,
1161115003,121,309,2017-02-25 09:01:07 UTC,202,200,false,
1161115003,122,310,2017-02-25 08:23:09 UTC,27.5,30,false,
1161115003,121,309,2017-02-25 09:04:32 UTC,196,200,true,
1161115003,121,309,2017-02-25 08:26:48 UTC,202,200,false,
1161115003,121,309,2017-02-25 08:24:52 UTC,197,200,true,
1161115003,121,309,2017-02-25 08:25:43 UTC,199,200,true,
1161115003,121,309,2017-02-25 08:41:17 UTC,201,200,false,
1161115003,121,309,2017-02-25 08:59:21 UTC,200,200,false,
1161115003,122,310,2017-02-25 08:33:53 UTC,30.5,30,true,
1161115003,121,309,2017-02-25 09:10:07 UTC,201,200,false,
1161115003,122,310,2017-02-25 08:19:24 UTC,28,30,false,
1161115003,121,309,2017-02-25 09:01:02 UTC,194,200,true,
1161115003,121,309,2017-02-25 08:24:16 UTC,200,200,false,
1161115003,122,310,2017-02-25 08:21:17 UTC,27.5,30,false,
1161115003,121,309,2017-02-25 08:50:25 UTC,197,200,true,
1161115003,121,309,2017-02-25 09:08:18 UTC,200,200,false,
1161115003,121,309,2017-02-25 08:46:46 UTC,198,200,true,
1161115003,121,309,2017-02-25 08:44:53 UTC,199,200,true,
1161115003,121,309,2017-02-25 09:06:28 UTC,200,200,false,
1161115003,121,309,2017-02-25 08:39:21 UTC,197,200,true,
1161115003,122,310,2017-02-25 08:33:56 UTC,26.5,30,false,
1161115003,121,309,2017-02-25 08:52:13 UTC,198,200,true,
1161115003,121,309,2017-02-25 09:06:20 UTC,196,200,true,
1161115003,121,309,2017-02-25 08:54:04 UTC,200,200,false,
1161115003,121,309,2017-02-25 09:09:14 UTC,200,200,false,
1161115003,121,309,2017-02-25 08:26:41 UTC,197,200,true,
1161115003,121,309,2017-02-25 08:35:48 UTC,205,200,false,
1161115003,121,309,2017-02-25 08:30:09 UTC,199,200,true,
1161115003,121,309,2017-02-25 09:04:40 UTC,200,200,false,
1161115003,121,309,2017-02-25 08:55:50 UTC,204,200,false,
1161115003,121,309,2017-02-25 08:44:59 UTC,202,200,false,
1161115003,121,309,2017-02-25 09:08:52 UTC,200,200,false,
1161115003,121,309,2017-02-25 09:08:10 UTC,199,200,true,
1161115003,121,309,2017-02-25 08:26:24 UTC,200,200,false,
1161115003,121,309,2017-02-25 08:57:38 UTC,206,200,false,
1161115003,122,310,2017-02-25 08:21:13 UTC,30.5,30,true,
1161115003,121,309,2017-02-25 08:46:52 UTC,200,200,false,
1161115003,121,309,2017-02-25 08:48:43 UTC,206,200,false,
1161115003,121,309,2017-02-25 08:52:19 UTC,201,200,false,
1161115003,121,309,2017-02-25 08:59:16 UTC,199,200,true,
1161115003,121,309,2017-02-25 09:08:44 UTC,199,200,true,
1161115003,121,309,2017-02-25 08:27:51 UTC,199,200,true,
1161115003,121,309,2017-02-25 08:53:59 UTC,197,200,true,
1161115003,121,309,2017-02-25 08:41:12 UTC,198,200,true,
1161115003,121,309,2017-02-25 09:10:18 UTC,199,200,true,
1161115003,121,309,2017-02-25 09:10:00 UTC,198,200,true,
1161115003,121,309,2017-02-25 09:02:52 UTC,201,200,false,
1161115003,122,310,2017-02-25 08:19:21 UTC,31,30,true,
1161115003,121,309,2017-02-25 08:37:30 UTC,196,200,true,
1161115003,121,309,2017-02-25 08:39:26 UTC,200,200,false,
1161115003,121,309,2017-02-25 09:45:19 UTC,202,200,false,
1161115003,121,309,2017-02-25 09:45:15 UTC,198,200,true,
1161115003,122,310,2017-02-25 09:32:42 UTC,27,30,false,
1161115003,121,309,2017-02-25 09:35:16 UTC,199,200,true,
1161115003,122,310,2017-02-25 09:32:39 UTC,30.5,30,true,
1161115003,121,309,2017-02-25 09:43:26 UTC,194,200,true,
1161115003,122,310,2017-02-25 09:36:14 UTC,27,30,false,
1161115003,121,309,2017-02-25 09:36:42 UTC,199,200,true,
1161115003,121,309,2017-02-25 09:33:51 UTC,199,200,true,
1161115003,122,310,2017-02-25 09:30:57 UTC,27,30,false,
1161115003,121,309,2017-02-25 09:43:30 UTC,202,200,false,
1161115003,122,310,2017-02-25 09:20:30 UTC,30.5,30,true,
1161115003,121,309,2017-02-25 09:33:11 UTC,200,200,false,
1161115003,121,309,2017-02-25 09:35:15 UTC,200,200,false,
1161115003,122,310,2017-02-25 09:27:27 UTC,27.5,30,false,
1161115003,122,310,2017-02-25 09:20:31 UTC,27.5,30,false,
1161115003,121,309,2017-02-25 09:42:53 UTC,202,200,false,
1161115003,122,310,2017-02-25 09:27:24 UTC,30.5,30,true,
1161115003,122,310,2017-02-25 09:30:53 UTC,30.5,30,true,
1161115003,121,309,2017-02-25 09:36:18 UTC,201,200,false,
1161115003,122,310,2017-02-25 09:36:12 UTC,30.5,30,true,
1161115003,121,309,2017-02-25 10:59:10 UTC,200,200,false,
1161115003,121,309,2017-02-25 11:02:23 UTC,199,200,true,
1161115003,121,309,2017-02-25 11:02:28 UTC,201,200,false,
1161115003,121,309,2017-02-25 11:05:38 UTC,194,200,true,
1161115003,121,309,2017-02-25 11:00:51 UTC,205,200,false,
1161115003,121,309,2017-02-25 10:59:05 UTC,198,200,true,
1161115003,121,309,2017-02-25 11:07:17 UTC,194,200,true,
1161115003,121,309,2017-02-25 11:12:23 UTC,195,200,true,
1161115003,121,309,2017-02-25 11:10:38 UTC,199,200,true,
1161115003,121,309,2017-02-25 11:08:55 UTC,196,200,true,
1161115003,121,309,2017-02-25 11:05:43 UTC,202,200,false,
1161115003,121,309,2017-02-25 11:00:45 UTC,198,200,true,
1161115003,121,309,2017-02-25 11:07:21 UTC,203,200,false,
1161115003,121,309,2017-02-25 11:04:00 UTC,195,200,true,
1161115003,121,309,2017-02-25 11:20:57 UTC,199,200,true,
1161115003,121,309,2017-02-25 11:04:04 UTC,202,200,false,
1161115003,121,309,2017-02-25 11:12:29 UTC,206,200,false,
1161115003,121,309,2017-02-25 11:09:00 UTC,203,200,false,
1161115003,121,309,2017-02-25 11:10:44 UTC,205,200,false,
1161115003,121,309,2017-02-25 12:13:11 UTC,201,200,false,
1161115003,121,309,2017-02-25 11:32:39 UTC,203,200,false,
1161115003,121,309,2017-02-25 12:13:07 UTC,198,200,true,
1161115003,121,309,2017-02-25 11:22:38 UTC,197,200,true,
1161115003,121,309,2017-02-25 11:22:44 UTC,205,200,false,
1161115003,121,309,2017-02-25 11:31:01 UTC,199,200,true,
1161115003,121,309,2017-02-25 11:32:35 UTC,199,200,true,
1161115003,121,309,2017-02-25 11:31:04 UTC,203,200,false,
1161115003,121,309,2017-02-25 12:05:06 UTC,198,200,true,
1161115003,121,309,2017-02-25 12:05:09 UTC,201,200,false,
1161115003,121,309,2017-02-25 11:20:59 UTC,202,200,false,
1161115003,121,309,2017-02-25 12:58:47 UTC,198,200,true,
1161115003,121,309,2017-02-25 13:19:47 UTC,197,200,true,
1161115003,121,309,2017-02-25 12:26:28 UTC,197,200,true,
1161115003,121,309,2017-02-25 13:08:25 UTC,203,200,false,
1161115003,121,309,2017-02-25 13:09:59 UTC,199,200,true,
1161115003,121,309,2017-02-25 12:47:34 UTC,200,200,false,
1161115003,121,309,2017-02-25 13:21:24 UTC,196,200,true,
1161115003,121,309,2017-02-25 13:08:20 UTC,195,200,true,
1161115003,121,309,2017-02-25 13:01:56 UTC,196,200,true,
1161115003,121,309,2017-02-25 12:42:39 UTC,203,200,false,
1161115003,121,309,2017-02-25 13:21:29 UTC,203,200,false,
1161115003,121,309,2017-02-25 12:39:20 UTC,196,200,true,
1161115003,121,309,2017-02-25 13:19:51 UTC,204,200,false,
1161115003,121,309,2017-02-25 12:58:50 UTC,201,200,false,
1161115003,121,309,2017-02-25 12:47:31 UTC,197,200,true,
1161115003,121,309,2017-02-25 13:05:10 UTC,202,200,false,
1161115003,121,309,2017-02-25 12:32:54 UTC,198,200,true,
1161115003,121,309,2017-02-25 12:40:59 UTC,198,200,true,
1161115003,121,309,2017-02-25 12:32:57 UTC,200,200,false,
1161115003,121,309,2017-02-25 12:41:02 UTC,202,200,false,
1161115003,121,309,2017-02-25 13:00:21 UTC,199,200,true,
1161115003,121,309,2017-02-25 13:06:46 UTC,201,200,false,
1161115003,121,309,2017-02-25 13:11:43 UTC,201,200,false,
1161115003,121,309,2017-02-25 12:39:24 UTC,203,200,false,
1161115003,121,309,2017-02-25 13:10:05 UTC,205,200,false,
1161115003,121,309,2017-02-25 12:42:36 UTC,196,200,true,
1161115003,121,309,2017-02-25 13:02:00 UTC,202,200,false,
1161115003,121,309,2017-02-25 12:57:17 UTC,201,200,false,
1161115003,121,309,2017-02-25 13:11:38 UTC,197,200,true,
1161115003,121,309,2017-02-25 12:26:32 UTC,201,200,false,
1161115003,121,309,2017-02-25 12:57:13 UTC,198,200,true,
1161115003,121,309,2017-02-25 13:06:42 UTC,197,200,true,
1161115003,121,309,2017-02-25 13:00:25 UTC,202,200,false,
1161115003,121,309,2017-02-25 13:05:06 UTC,199,200,true,
1161115003,121,309,2017-02-25 14:08:19 UTC,199,200,true,
1161115003,121,309,2017-02-25 14:09:57 UTC,201,200,false,
1161115003,121,309,2017-02-25 13:53:44 UTC,203,200,false,
1161115003,121,309,2017-02-25 14:11:27 UTC,198,200,true,
1161115003,121,309,2017-02-25 13:27:52 UTC,202,200,false,
1161115003,121,309,2017-02-25 13:23:08 UTC,203,200,false,
1161115003,121,309,2017-02-25 13:29:27 UTC,203,200,false,
1161115003,121,309,2017-02-25 14:17:56 UTC,199,200,true,
1161115003,121,309,2017-02-25 13:53:41 UTC,199,200,true,
1161115003,121,309,2017-02-25 14:11:32 UTC,203,200,false,
1161115003,121,309,2017-02-25 13:24:43 UTC,202,200,false,
1161115003,121,309,2017-02-25 13:45:49 UTC,199,200,true,
1161115003,121,309,2017-02-25 13:27:48 UTC,196,200,true,
1161115003,121,309,2017-02-25 13:48:59 UTC,200,200,false,
1161115003,121,309,2017-02-25 13:47:23 UTC,202,200,false,
1161115003,121,309,2017-02-25 13:31:03 UTC,199,200,true,
1161115003,121,309,2017-02-25 13:52:06 UTC,196,200,true,
1161115003,121,309,2017-02-25 13:23:03 UTC,196,200,true,
1161115003,121,309,2017-02-25 13:45:49 UTC,204,200,false,
1161115003,121,309,2017-02-25 13:50:35 UTC,201,200,false,
1161115003,121,309,2017-02-25 13:24:39 UTC,199,200,true,
1161115003,121,309,2017-02-25 13:50:31 UTC,199,200,true,
1161115003,121,309,2017-02-25 13:26:17 UTC,202,200,false,
1161115003,121,309,2017-02-25 13:47:19 UTC,199,200,true,
1161115003,121,309,2017-02-25 14:17:59 UTC,203,200,false,
1161115003,121,309,2017-02-25 13:29:23 UTC,198,200,true,
1161115003,121,309,2017-02-25 13:26:14 UTC,199,200,true,
1161115003,121,309,2017-02-25 13:48:55 UTC,197,200,true,
1161115003,121,309,2017-02-25 13:31:05 UTC,203,200,false,
1161115003,121,309,2017-02-25 13:52:10 UTC,202,200,false,
1161115003,121,309,2017-02-25 14:09:53 UTC,198,200,true,
1161115003,121,309,2017-02-25 14:08:21 UTC,202,200,false,
1161115003,121,309,2017-02-25 14:37:18 UTC,202,200,false,
1161115003,121,309,2017-02-25 14:48:31 UTC,203,200,false,
1161115003,121,309,2017-02-25 14:50:03 UTC,203,200,false,
1161115003,121,309,2017-02-25 14:45:20 UTC,198,200,true,
1161115003,121,309,2017-02-25 14:56:18 UTC,196,200,true,
1161115003,121,309,2017-02-25 14:56:21 UTC,202,200,false,
1161115003,121,309,2017-02-25 14:46:53 UTC,199,200,true,
1161115003,121,309,2017-02-25 14:48:28 UTC,199,200,true,
1161115003,121,309,2017-02-25 14:37:15 UTC,199,200,true,
1161115003,121,309,2017-02-25 14:58:00 UTC,202,200,false,
1161115003,121,309,2017-02-25 14:46:57 UTC,201,200,false,
1161115003,121,309,2017-02-25 14:57:59 UTC,199,200,true,
1161115003,121,309,2017-02-25 14:51:33 UTC,197,200,true,
1161115003,121,309,2017-02-25 14:45:23 UTC,204,200,false,
1161115003,121,309,2017-02-25 14:50:02 UTC,199,200,true,
1161115003,121,309,2017-02-25 14:51:37 UTC,203,200,false,
1161115003,121,309,2017-02-26 01:06:32 UTC,199,200,true,
1161115003,121,309,2017-02-26 01:06:35 UTC,202,200,false,
1161115003,121,309,2017-02-26 02:18:04 UTC,199,200,true,
1161115003,121,309,2017-02-26 02:20:17 UTC,198,200,true,
1161115003,121,309,2017-02-26 02:34:45 UTC,201,200,false,
1161115003,121,309,2017-02-26 02:05:48 UTC,204,200,false,
1161115003,121,309,2017-02-26 02:18:45 UTC,200,200,false,
1161115003,121,309,2017-02-26 02:28:17 UTC,196,200,true,
1161115003,121,309,2017-02-26 02:25:04 UTC,195,200,true,
1161115003,121,309,2017-02-26 02:29:57 UTC,203,200,false,
1161115003,121,309,2017-02-26 02:29:52 UTC,199,200,true,
1161115003,121,309,2017-02-26 02:18:27 UTC,199,200,true,
1161115003,121,309,2017-02-26 02:31:35 UTC,202,200,false,
1161115003,121,309,2017-02-26 02:13:47 UTC,197,200,true,
1161115003,121,309,2017-02-26 02:08:54 UTC,197,200,true,
1161115003,121,309,2017-02-26 02:18:00 UTC,199,200,true,
1161115003,121,309,2017-02-26 02:31:50 UTC,199,200,true,
1161115003,121,309,2017-02-26 02:34:43 UTC,196,200,true,
1161115003,121,309,2017-02-26 02:08:58 UTC,201,200,false,
1161115003,121,309,2017-02-26 02:17:58 UTC,200,200,false,
1161115003,121,309,2017-02-26 02:23:28 UTC,195,200,true,
1161115003,121,309,2017-02-26 02:21:53 UTC,194,200,true,
1161115003,121,309,2017-02-26 02:33:12 UTC,202,200,false,
1161115003,121,309,2017-02-26 02:17:06 UTC,202,200,false,
1161115003,121,309,2017-02-26 02:18:32 UTC,200,200,false,
1161115003,121,309,2017-02-26 02:07:20 UTC,196,200,true,
1161115003,121,309,2017-02-26 02:18:05 UTC,200,200,false,
1161115003,121,309,2017-02-26 02:12:12 UTC,203,200,false,
1161115003,121,309,2017-02-26 02:20:24 UTC,202,200,false,
1161115003,121,309,2017-02-26 02:10:30 UTC,197,200,true,
1161115003,121,309,2017-02-26 02:17:45 UTC,199,200,true,
1161115003,121,309,2017-02-26 02:22:00 UTC,202,200,false,
1161115003,121,309,2017-02-26 02:26:46 UTC,203,200,false,
1161115003,121,309,2017-02-26 02:32:03 UTC,200,200,false,
1161115003,121,309,2017-02-26 02:07:26 UTC,205,200,false,
1161115003,121,309,2017-02-26 02:18:30 UTC,200,200,false,
1161115003,121,309,2017-02-26 02:31:28 UTC,195,200,true,
1161115003,121,309,2017-02-26 02:12:08 UTC,199,200,true,
1161115003,121,309,2017-02-26 02:13:50 UTC,201,200,false,
1161115003,121,309,2017-02-26 02:28:21 UTC,200,200,false,
1161115003,121,309,2017-02-26 02:18:34 UTC,199,200,true,
1161115003,121,309,2017-02-26 02:05:41 UTC,198,200,true,
1161115003,121,309,2017-02-26 02:17:00 UTC,198,200,true,
1161115003,121,309,2017-02-26 02:23:33 UTC,204,200,false,
1161115003,121,309,2017-02-26 02:15:29 UTC,201,200,false,
1161115003,121,309,2017-02-26 02:26:41 UTC,199,200,true,
1161115003,121,309,2017-02-26 02:25:09 UTC,204,200,false,
1161115003,121,309,2017-02-26 02:10:34 UTC,200,200,false,
1161115003,121,309,2017-02-26 02:15:24 UTC,196,200,true,
1161115003,121,309,2017-02-26 02:18:02 UTC,200,200,false,
1161115003,121,309,2017-02-26 02:33:04 UTC,199,200,true,
1161115003,121,309,2017-02-26 02:18:31 UTC,199,200,true,
1161115003,121,309,2017-02-26 03:31:10 UTC,195,200,true,
1161115003,121,309,2017-02-26 03:17:33 UTC,204,200,false,
1161115003,121,309,2017-02-26 03:04:18 UTC,199,200,true,
1161115003,121,309,2017-02-26 03:32:49 UTC,198,200,true,
1161115003,121,309,2017-02-26 03:29:36 UTC,202,200,false,
1161115003,121,309,2017-02-26 03:29:30 UTC,195,200,true,
1161115003,121,309,2017-02-26 02:59:31 UTC,202,200,false,
1161115003,121,309,2017-02-26 03:32:56 UTC,202,200,false,
1161115003,121,309,2017-02-26 03:34:31 UTC,195,200,true,
1161115003,121,309,2017-02-26 03:17:29 UTC,196,200,true,
1161115003,121,309,2017-02-26 03:14:16 UTC,202,200,false,
1161115003,121,309,2017-02-26 03:31:17 UTC,203,200,false,
1161115003,121,309,2017-02-26 03:15:54 UTC,204,200,false,
1161115003,121,309,2017-02-26 03:19:16 UTC,202,200,false,
1161115003,121,309,2017-02-26 03:04:21 UTC,204,200,false,
1161115003,121,309,2017-02-26 03:14:12 UTC,193,200,true,
1161115003,121,309,2017-02-26 03:15:49 UTC,199,200,true,
1161115003,121,309,2017-02-26 02:59:29 UTC,199,200,true,
1161115003,121,309,2017-02-26 03:34:36 UTC,201,200,false,
1161115003,121,309,2017-02-26 03:19:12 UTC,198,200,true,
1161115003,121,309,2017-02-26 03:43:00 UTC,197,200,true,
1161115003,121,309,2017-02-26 03:39:42 UTC,202,200,false,
1161115003,121,309,2017-02-26 03:39:38 UTC,195,200,true,
1161115003,121,309,2017-02-26 03:43:04 UTC,204,200,false,
1161115003,121,309,2017-02-26 05:20:10 UTC,199,200,true,
1161115003,121,309,2017-02-26 05:16:42 UTC,202,200,false,
1161115003,121,309,2017-02-26 04:50:51 UTC,199,200,true,
1161115003,121,309,2017-02-26 05:18:28 UTC,200,200,false,
1161115003,121,309,2017-02-26 04:52:36 UTC,203,200,false,
1161115003,121,309,2017-02-26 04:56:00 UTC,199,200,true,
1161115003,121,309,2017-02-26 05:16:39 UTC,199,200,true,
1161115003,121,309,2017-02-26 05:20:11 UTC,204,200,false,
1161115003,121,309,2017-02-26 04:50:52 UTC,200,200,false,
1161115003,121,309,2017-02-26 04:52:32 UTC,199,200,true,
1161115003,121,309,2017-02-26 04:56:03 UTC,202,200,false,
1161115003,121,309,2017-02-26 05:18:25 UTC,199,200,true,
1161115003,121,309,2017-02-26 06:12:03 UTC,203,200,false,
1161115003,121,309,2017-02-26 06:20:51 UTC,201,200,false,
1161115003,121,309,2017-02-26 06:17:19 UTC,203,200,false,
1161115003,121,309,2017-02-26 06:17:16 UTC,199,200,true,
1161115003,121,309,2017-02-26 06:10:17 UTC,199,200,true,
1161115003,121,309,2017-02-26 06:10:21 UTC,202,200,false,
1161115003,121,309,2017-02-26 06:26:07 UTC,199,200,true,
1161115003,121,309,2017-02-26 06:15:29 UTC,199,200,true,
1161115003,121,309,2017-02-26 06:19:03 UTC,199,200,true,
1161115003,121,309,2017-02-26 06:12:02 UTC,199,200,true,
1161115003,121,309,2017-02-26 06:15:33 UTC,203,200,false,
1161115003,121,309,2017-02-26 06:24:25 UTC,201,200,false,
1161115003,121,309,2017-02-26 06:19:07 UTC,203,200,false,
1161115003,121,309,2017-02-26 06:27:56 UTC,202,200,false,
1161115003,121,309,2017-02-26 06:29:36 UTC,199,200,true,
1161115003,121,309,2017-02-26 06:29:39 UTC,203,200,false,
1161115003,121,309,2017-02-26 06:20:47 UTC,198,200,true,
1161115003,121,309,2017-02-26 06:26:10 UTC,201,200,false,
1161115003,121,309,2017-02-26 06:27:53 UTC,198,200,true,
1161115003,121,309,2017-02-26 06:24:21 UTC,196,200,true,
1161115003,121,309,2017-02-26 06:40:10 UTC,203,200,false,
1161115003,121,309,2017-02-26 06:43:36 UTC,203,200,false,
1161115003,121,309,2017-02-26 06:41:51 UTC,203,200,false,
1161115003,121,309,2017-02-26 06:40:07 UTC,199,200,true,
1161115003,121,309,2017-02-26 06:45:19 UTC,202,200,false,
1161115003,121,309,2017-02-26 06:45:15 UTC,199,200,true,
1161115003,121,309,2017-02-26 06:43:32 UTC,198,200,true,
1161115003,121,309,2017-02-26 06:41:48 UTC,199,200,true,
1161115003,121,309,2017-02-26 08:15:21 UTC,203,200,false,
1161115003,121,309,2017-02-26 08:36:05 UTC,200,200,false,
1161115003,121,309,2017-02-26 08:13:41 UTC,202,200,false,
1161115003,121,309,2017-02-26 08:22:16 UTC,201,200,false,
1161115003,121,309,2017-02-26 08:13:37 UTC,199,200,true,
1161115003,121,309,2017-02-26 08:22:13 UTC,198,200,true,
1161115003,121,309,2017-02-26 08:15:18 UTC,199,200,true,
1161115003,121,309,2017-02-26 08:36:02 UTC,197,200,true,
1161115003,121,309,2017-02-26 09:16:36 UTC,195,200,true,
1161115003,121,309,2017-02-26 09:13:23 UTC,196,200,true,
1161115003,121,309,2017-02-26 09:16:41 UTC,204,200,false,
1161115003,121,309,2017-02-26 09:36:31 UTC,199,200,true,
1161115003,121,309,2017-02-26 09:34:57 UTC,202,200,false,
1161115003,121,309,2017-02-26 09:41:18 UTC,199,200,true,
1161115003,121,309,2017-02-26 09:13:27 UTC,201,200,false,
1161115003,121,309,2017-02-26 09:19:55 UTC,199,200,true,
1161115003,121,309,2017-02-26 09:15:04 UTC,204,200,false,
1161115003,121,309,2017-02-26 08:46:17 UTC,199,200,true,
1161115003,121,309,2017-02-26 08:49:38 UTC,199,200,true,
1161115003,121,309,2017-02-26 09:00:11 UTC,198,200,true,
1161115003,121,309,2017-02-26 09:39:41 UTC,195,200,true,
1161115003,121,309,2017-02-26 09:36:32 UTC,200,200,false,
1161115003,121,309,2017-02-26 09:36:33 UTC,199,200,true,
1161115003,121,309,2017-02-26 08:46:21 UTC,203,200,false,
1161115003,121,309,2017-02-26 08:58:30 UTC,202,200,false,
1161115003,121,309,2017-02-26 09:24:58 UTC,198,200,true,
1161115003,121,309,2017-02-26 08:49:42 UTC,202,200,false,
1161115003,121,309,2017-02-26 08:56:39 UTC,199,200,true,
1161115003,121,309,2017-02-26 08:44:38 UTC,199,200,true,
1161115003,121,309,2017-02-26 09:21:37 UTC,199,200,true,
1161115003,121,309,2017-02-26 09:36:34 UTC,204,200,false,
1161115003,121,309,2017-02-26 09:23:18 UTC,197,200,true,
1161115003,121,309,2017-02-26 09:42:55 UTC,195,200,true,
1161115003,121,309,2017-02-26 09:19:59 UTC,202,200,false,
1161115003,121,309,2017-02-26 09:10:10 UTC,196,200,true,
1161115003,121,309,2017-02-26 08:48:01 UTC,202,200,false,
1161115003,121,309,2017-02-26 09:39:45 UTC,201,200,false,
1161115003,121,309,2017-02-26 09:25:02 UTC,201,200,false,
1161115003,121,309,2017-02-26 09:11:52 UTC,202,200,false,
1161115003,121,309,2017-02-26 08:58:26 UTC,198,200,true,
1161115003,121,309,2017-02-26 09:11:46 UTC,196,200,true,
1161115003,121,309,2017-02-26 09:23:22 UTC,203,200,false,
1161115003,121,309,2017-02-26 09:41:21 UTC,202,200,false,
1161115003,121,309,2017-02-26 09:10:15 UTC,204,200,false,
1161115003,121,309,2017-02-26 09:14:59 UTC,195,200,true,
1161115003,121,309,2017-02-26 09:34:53 UTC,199,200,true,
1161115003,121,309,2017-02-26 09:18:14 UTC,198,200,true,
1161115003,121,309,2017-02-26 09:00:15 UTC,202,200,false,
1161115003,121,309,2017-02-26 08:47:57 UTC,199,200,true,
1161115003,121,309,2017-02-26 09:18:18 UTC,201,200,false,
1161115003,121,309,2017-02-26 09:21:39 UTC,203,200,false,
1161115003,121,309,2017-02-26 09:38:09 UTC,202,200,false,
1161115003,121,309,2017-02-26 09:38:05 UTC,199,200,true,
1161115003,121,309,2017-02-26 08:56:42 UTC,200,200,false,
1161115003,121,309,2017-02-26 08:44:40 UTC,203,200,false,
1161115003,121,309,2017-02-26 09:56:20 UTC,197,200,true,
1161115003,121,309,2017-02-26 10:37:26 UTC,202,200,false,
1161115003,121,309,2017-02-26 10:25:43 UTC,198,200,true,
1161115003,121,309,2017-02-26 10:42:10 UTC,194,200,true,
1161115003,121,309,2017-02-26 09:58:03 UTC,198,200,true,
1161115003,121,309,2017-02-26 09:59:45 UTC,196,200,true,
1161115003,121,309,2017-02-26 10:39:00 UTC,199,200,true,
1161115003,121,309,2017-02-26 10:09:40 UTC,203,200,false,
1161115003,121,309,2017-02-26 10:27:25 UTC,201,200,false,
1161115003,121,309,2017-02-26 10:20:55 UTC,199,200,true,
1161115003,121,309,2017-02-26 09:59:49 UTC,203,200,false,
1161115003,121,309,2017-02-26 09:48:00 UTC,200,200,false,
1161115003,121,309,2017-02-26 10:39:03 UTC,202,200,false,
1161115003,121,309,2017-02-26 10:17:45 UTC,203,200,false,
1161115003,121,309,2017-02-26 10:09:36 UTC,197,200,true,
1161115003,121,309,2017-02-26 09:47:52 UTC,195,200,true,
1161115003,121,309,2017-02-26 09:46:12 UTC,196,200,true,
1161115003,121,309,2017-02-26 10:22:32 UTC,201,200,false,
1161115003,121,309,2017-02-26 09:54:43 UTC,204,200,false,
1161115003,121,309,2017-02-26 09:53:01 UTC,205,200,false,
1161115003,121,309,2017-02-26 10:17:42 UTC,199,200,true,
1161115003,121,309,2017-02-26 10:30:44 UTC,204,200,false,
1161115003,121,309,2017-02-26 10:30:41 UTC,198,200,true,
1161115003,121,309,2017-02-26 09:46:19 UTC,201,200,false,
1161115003,121,309,2017-02-26 10:43:46 UTC,199,200,true,
1161115003,121,309,2017-02-26 10:32:28 UTC,201,200,false,
1161115003,121,309,2017-02-26 09:58:09 UTC,205,200,false,
1161115003,121,309,2017-02-26 10:20:58 UTC,202,200,false,
1161115003,121,309,2017-02-26 09:51:20 UTC,204,200,false,
1161115003,121,309,2017-02-26 10:32:24 UTC,198,200,true,
1161115003,121,309,2017-02-26 10:08:00 UTC,199,200,true,
1161115003,121,309,2017-02-26 09:43:01 UTC,203,200,false,
1161115003,121,309,2017-02-26 09:49:34 UTC,195,200,true,
1161115003,121,309,2017-02-26 09:44:36 UTC,194,200,true,
1161115003,121,309,2017-02-26 10:35:44 UTC,195,200,true,
1161115003,121,309,2017-02-26 10:19:20 UTC,203,200,false,
1161115003,121,309,2017-02-26 10:19:16 UTC,199,200,true,
1161115003,121,309,2017-02-26 10:43:52 UTC,204,200,false,
1161115003,121,309,2017-02-26 09:54:37 UTC,195,200,true,
1161115003,121,309,2017-02-26 09:49:40 UTC,202,200,false,
1161115003,121,309,2017-02-26 10:25:47 UTC,203,200,false,
1161115003,121,309,2017-02-26 10:22:29 UTC,197,200,true,
1161115003,121,309,2017-02-26 10:24:08 UTC,201,200,false,
1161115003,121,309,2017-02-26 10:27:21 UTC,197,200,true,
1161115003,121,309,2017-02-26 10:08:03 UTC,202,200,false,
1161115003,121,309,2017-02-26 10:42:14 UTC,203,200,false,
1161115003,121,309,2017-02-26 09:51:13 UTC,195,200,true,
1161115003,121,309,2017-02-26 10:24:04 UTC,197,200,true,
1161115003,121,309,2017-02-26 10:37:22 UTC,195,200,true,
1161115003,121,309,2017-02-26 09:44:42 UTC,201,200,false,
1161115003,121,309,2017-02-26 09:52:55 UTC,197,200,true,
1161115003,121,309,2017-02-26 09:56:26 UTC,202,200,false,
1161115003,121,309,2017-02-26 10:35:49 UTC,203,200,false,
1161115003,121,309,2017-02-26 10:48:50 UTC,202,200,false,
1161115003,121,309,2017-02-26 11:16:32 UTC,199,200,true,
1161115003,121,309,2017-02-26 11:16:01 UTC,197,200,true,
1161115003,121,309,2017-02-26 11:40:05 UTC,196,200,true,
1161115003,121,309,2017-02-26 11:03:31 UTC,203,200,false,
1161115003,121,309,2017-02-26 10:46:07 UTC,199,200,true,
1161115003,121,309,2017-02-26 11:25:55 UTC,203,200,false,
1161115003,121,309,2017-02-26 10:53:42 UTC,201,200,false,
1161115003,121,309,2017-02-26 11:35:28 UTC,197,200,true,
1161115003,121,309,2017-02-26 11:11:20 UTC,202,200,false,
1161115003,121,309,2017-02-26 11:33:58 UTC,200,200,false,
1161115003,121,309,2017-02-26 10:56:56 UTC,200,200,false,
1161115003,121,309,2017-02-26 11:44:50 UTC,195,200,true,
1161115003,121,309,2017-02-26 11:32:24 UTC,202,200,false,
1161115003,121,309,2017-02-26 10:53:35 UTC,198,200,true,
1161115003,121,309,2017-02-26 11:25:50 UTC,195,200,true,
1161115003,121,309,2017-02-26 11:33:54 UTC,199,200,true,
1161115003,121,309,2017-02-26 11:24:49 UTC,199,200,true,
1161115003,121,309,2017-02-26 10:46:46 UTC,200,200,false,
1161115003,121,309,2017-02-26 10:55:19 UTC,202,200,false,
1161115003,121,309,2017-02-26 11:38:39 UTC,201,200,false,
1161115003,121,309,2017-02-26 11:37:00 UTC,195,200,true,
1161115003,121,309,2017-02-26 10:55:15 UTC,196,200,true,
1161115003,121,309,2017-02-26 11:40:12 UTC,206,200,false,
1161115003,121,309,2017-02-26 11:41:45 UTC,201,200,false,
1161115003,121,309,2017-02-26 11:16:31 UTC,200,200,false,
1161115003,121,309,2017-02-26 11:06:39 UTC,200,200,false,
1161115003,121,309,2017-02-26 11:16:19 UTC,199,200,true,
1161115003,121,309,2017-02-26 11:35:32 UTC,203,200,false,
1161115003,121,309,2017-02-26 10:46:05 UTC,200,200,false,
1161115003,121,309,2017-02-26 11:14:23 UTC,195,200,true,
1161115003,121,309,2017-02-26 11:27:28 UTC,197,200,true,
1161115003,121,309,2017-02-26 10:50:26 UTC,205,200,false,
1161115003,121,309,2017-02-26 11:14:29 UTC,201,200,false,
1161115003,121,309,2017-02-26 11:08:11 UTC,200,200,false,
1161115003,121,309,2017-02-26 11:09:46 UTC,204,200,false,
1161115003,121,309,2017-02-26 11:16:08 UTC,201,200,false,
1161115003,122,310,2017-02-26 11:20:56 UTC,30.5,30,true,
1161115003,121,309,2017-02-26 11:43:20 UTC,204,200,false,
1161115003,121,309,2017-02-26 11:24:52 UTC,200,200,false,
1161115003,121,309,2017-02-26 10:46:14 UTC,200,200,false,
1161115003,121,309,2017-02-26 11:05:06 UTC,203,200,false,
1161115003,121,309,2017-02-26 11:12:49 UTC,194,200,true,
1161115003,121,309,2017-02-26 11:43:14 UTC,196,200,true,
1161115003,121,309,2017-02-26 11:08:06 UTC,197,200,true,
1161115003,121,309,2017-02-26 10:48:43 UTC,199,200,true,
1161115003,121,309,2017-02-26 11:11:15 UTC,194,200,true,
1161115003,121,309,2017-02-26 10:52:03 UTC,204,200,false,
1161115003,121,309,2017-02-26 11:16:36 UTC,200,200,false,
1161115003,121,309,2017-02-26 10:45:47 UTC,200,200,false,
1161115003,121,309,2017-02-26 10:47:11 UTC,200,200,false,
1161115003,121,309,2017-02-26 10:44:59 UTC,199,200,true,
1161115003,121,309,2017-02-26 10:50:20 UTC,196,200,true,
1161115003,121,309,2017-02-26 10:51:56 UTC,196,200,true,
1161115003,121,309,2017-02-26 11:03:28 UTC,199,200,true,
1161115003,121,309,2017-02-26 11:37:04 UTC,202,200,false,
1161115003,121,309,2017-02-26 10:47:31 UTC,200,200,false,
1161115003,121,309,2017-02-26 11:24:43 UTC,200,200,false,
1161115003,121,309,2017-02-26 11:09:40 UTC,196,200,true,
1161115003,121,309,2017-02-26 11:41:39 UTC,199,200,true,
1161115003,121,309,2017-02-26 11:32:23 UTC,199,200,true,
1161115003,121,309,2017-02-26 11:38:33 UTC,196,200,true,
1161115003,121,309,2017-02-26 10:56:53 UTC,197,200,true,
1161115003,121,309,2017-02-26 11:06:35 UTC,197,200,true,
1161115003,121,309,2017-02-26 10:47:03 UTC,197,200,true,
1161115003,122,310,2017-02-26 11:20:59 UTC,27,30,false,
1161115003,121,309,2017-02-26 11:05:01 UTC,194,200,true,
1161115003,121,309,2017-02-26 10:47:21 UTC,199,200,true,
1161115003,121,309,2017-02-26 11:44:56 UTC,203,200,false,
1161115003,121,309,2017-02-26 11:17:00 UTC,199,200,true,
1161115003,121,309,2017-02-26 10:46:23 UTC,199,200,true,
1161115003,121,309,2017-02-26 11:12:54 UTC,201,200,false,
1161115003,121,309,2017-02-26 10:45:50 UTC,199,200,true,
1161115003,121,309,2017-02-26 11:27:33 UTC,200,200,false,
1161115003,121,309,2017-02-26 12:45:21 UTC,202,200,false,
1161115003,121,309,2017-02-26 12:24:44 UTC,204,200,false,
1161115003,121,309,2017-02-26 11:48:05 UTC,203,200,false,
1161115003,121,309,2017-02-26 12:08:39 UTC,203,200,false,
1161115003,121,309,2017-02-26 12:40:37 UTC,202,200,false,
1161115003,121,309,2017-02-26 12:03:56 UTC,201,200,false,
1161115003,121,309,2017-02-26 12:18:15 UTC,196,200,true,
1161115003,121,309,2017-02-26 12:10:12 UTC,196,200,true,
1161115003,121,309,2017-02-26 11:57:33 UTC,199,200,true,
1161115003,121,309,2017-02-26 12:46:52 UTC,198,200,true,
1161115003,121,309,2017-02-26 12:38:57 UTC,199,200,true,
1161115003,121,309,2017-02-26 12:21:31 UTC,201,200,false,
1161115003,121,309,2017-02-26 12:39:00 UTC,202,200,false,
1161115003,121,309,2017-02-26 12:21:27 UTC,198,200,true,
1161115003,121,309,2017-02-26 12:15:04 UTC,198,200,true,
1161115003,121,309,2017-02-26 12:40:33 UTC,195,200,true,
1161115003,121,309,2017-02-26 12:45:16 UTC,194,200,true,
1161115003,121,309,2017-02-26 12:32:40 UTC,200,200,false,
1161115003,121,309,2017-02-26 12:34:14 UTC,203,200,false,
1161115003,121,309,2017-02-26 11:49:41 UTC,204,200,false,
1161115003,121,309,2017-02-26 12:24:41 UTC,198,200,true,
1161115003,121,309,2017-02-26 11:59:07 UTC,196,200,true,
1161115003,121,309,2017-02-26 12:35:47 UTC,199,200,true,
1161115003,121,309,2017-02-26 12:42:10 UTC,199,200,true,
1161115003,121,309,2017-02-26 12:34:11 UTC,197,200,true,
1161115003,121,309,2017-02-26 12:02:18 UTC,198,200,true,
1161115003,121,309,2017-02-26 12:42:12 UTC,203,200,false,
1161115003,121,309,2017-02-26 12:11:53 UTC,202,200,false,
1161115003,121,309,2017-02-26 12:43:47 UTC,200,200,false,
1161115003,121,309,2017-02-26 11:48:01 UTC,199,200,true,
1161115003,121,309,2017-02-26 12:18:19 UTC,202,200,false,
1161115003,121,309,2017-02-26 12:35:50 UTC,203,200,false,
1161115003,121,309,2017-02-26 11:46:30 UTC,203,200,false,
1161115003,121,309,2017-02-26 12:46:56 UTC,204,200,false,
1161115003,121,309,2017-02-26 12:03:52 UTC,199,200,true,
1161115003,121,309,2017-02-26 12:02:22 UTC,200,200,false,
1161115003,121,309,2017-02-26 12:10:17 UTC,202,200,false,
1161115003,121,309,2017-02-26 12:11:50 UTC,199,200,true,
1161115003,121,309,2017-02-26 11:59:11 UTC,200,200,false,
1161115003,121,309,2017-02-26 12:32:37 UTC,197,200,true,
1161115003,121,309,2017-02-26 11:57:36 UTC,202,200,false,
1161115003,121,309,2017-02-26 12:15:07 UTC,200,200,false,
1161115003,121,309,2017-02-26 12:43:41 UTC,199,200,true,
1161115003,121,309,2017-02-26 12:08:35 UTC,195,200,true,
1161115003,121,309,2017-02-26 11:46:26 UTC,199,200,true,
1161115003,121,309,2017-02-26 11:49:34 UTC,196,200,true,
1161115003,121,309,2017-02-26 13:27:56 UTC,196,200,true,
1161115003,121,309,2017-02-26 13:23:17 UTC,201,200,false,
1161115003,121,309,2017-02-26 13:24:45 UTC,195,200,true,
1161115003,121,309,2017-02-26 12:57:59 UTC,202,200,false,
1161115003,121,309,2017-02-26 13:37:24 UTC,203,200,false,
1161115003,121,309,2017-02-26 13:05:53 UTC,199,200,true,
1161115003,121,309,2017-02-26 13:02:36 UTC,198,200,true,
1161115003,121,309,2017-02-26 12:56:24 UTC,201,200,false,
1161115003,121,309,2017-02-26 13:37:20 UTC,198,200,true,
1161115003,121,309,2017-02-26 12:57:55 UTC,195,200,true,
1161115003,121,309,2017-02-26 13:15:31 UTC,199,200,true,
1161115003,121,309,2017-02-26 13:28:00 UTC,200,200,false,
1161115003,121,309,2017-02-26 13:04:12 UTC,199,200,true,
1161115003,121,309,2017-02-26 13:46:41 UTC,202,200,false,
1161115003,121,309,2017-02-26 13:01:07 UTC,201,200,false,
1161115003,121,309,2017-02-26 13:23:11 UTC,199,200,true,
1161115003,121,309,2017-02-26 13:01:02 UTC,195,200,true,
1161115003,121,309,2017-02-26 13:21:37 UTC,199,200,true,
1161115003,121,309,2017-02-26 13:46:37 UTC,199,200,true,
1161115003,121,309,2017-02-26 13:21:43 UTC,202,200,false,
1161115003,121,309,2017-02-26 13:05:57 UTC,200,200,false,
1161115003,121,309,2017-02-26 13:45:10 UTC,202,200,false,
1161115003,121,309,2017-02-26 13:38:57 UTC,204,200,false,
1161115003,121,309,2017-02-26 13:24:51 UTC,205,200,false,
1161115003,121,309,2017-02-26 13:04:17 UTC,202,200,false,
1161115003,121,309,2017-02-26 13:26:21 UTC,197,200,true,
1161115003,121,309,2017-02-26 13:02:40 UTC,204,200,false,
1161115003,121,309,2017-02-26 13:15:35 UTC,203,200,false,
1161115003,121,309,2017-02-26 12:54:49 UTC,204,200,false,
1161115003,121,309,2017-02-26 13:38:52 UTC,193,200,true,
1161115003,121,309,2017-02-26 12:59:29 UTC,198,200,true,
1161115003,121,309,2017-02-26 13:17:07 UTC,203,200,false,
1161115003,121,309,2017-02-26 13:18:40 UTC,202,200,false,
1161115003,121,309,2017-02-26 13:07:35 UTC,205,200,false,
1161115003,121,309,2017-02-26 13:07:30 UTC,198,200,true,
1161115003,121,309,2017-02-26 13:17:03 UTC,195,200,true,
1161115003,121,309,2017-02-26 13:20:11 UTC,203,200,false,
1161115003,121,309,2017-02-26 13:26:25 UTC,200,200,false,
1161115003,121,309,2017-02-26 12:54:44 UTC,198,200,true,
1161115003,121,309,2017-02-26 13:45:06 UTC,195,200,true,
1161115003,121,309,2017-02-26 13:18:36 UTC,198,200,true,
1161115003,121,309,2017-02-26 12:56:20 UTC,199,200,true,
1161115003,121,309,2017-02-26 13:20:07 UTC,195,200,true,
1161115003,121,309,2017-02-26 12:59:33 UTC,204,200,false,
1161115003,121,309,2017-02-26 13:48:13 UTC,200,200,false,
1161115003,121,309,2017-02-26 13:48:11 UTC,199,200,true,
1161115003,121,309,2017-02-26 23:54:15 UTC,197,200,true,
1161115003,121,309,2017-02-26 23:37:34 UTC,200,200,false,
1161115003,121,309,2017-02-26 23:34:27 UTC,202,200,false,
1161115003,121,309,2017-02-26 23:42:08 UTC,200,200,false,
1161115003,121,309,2017-02-26 23:34:23 UTC,198,200,true,
1161115003,121,309,2017-02-26 23:46:36 UTC,199,200,true,
1161115003,121,309,2017-02-26 23:45:04 UTC,196,200,true,
1161115003,121,309,2017-02-26 23:55:42 UTC,196,200,true,
1161115003,121,309,2017-02-26 23:48:12 UTC,200,200,false,
1161115003,121,309,2017-02-26 23:37:28 UTC,197,200,true,
1161115003,121,309,2017-02-26 23:29:54 UTC,196,200,true,
1161115003,121,309,2017-02-26 23:43:37 UTC,203,200,false,
1161115003,121,309,2017-02-26 23:57:16 UTC,201,200,false,
1161115003,121,309,2017-02-26 23:31:27 UTC,200,200,false,
1161115003,121,309,2017-02-26 23:55:47 UTC,202,200,false,
1161115003,121,309,2017-02-26 23:30:00 UTC,205,200,false,
1161115003,121,309,2017-02-26 23:14:56 UTC,200,200,false,
1161115003,121,309,2017-02-26 23:46:39 UTC,201,200,false,
1161115003,121,309,2017-02-26 23:28:32 UTC,205,200,false,
1161115003,121,309,2017-02-26 23:49:42 UTC,197,200,true,
1161115003,121,309,2017-02-26 23:43:31 UTC,198,200,true,
1161115003,121,309,2017-02-26 23:51:15 UTC,196,200,true,
1161115003,121,309,2017-02-26 23:26:58 UTC,196,200,true,
1161115003,121,309,2017-02-26 23:16:28 UTC,203,200,false,
1161115003,121,309,2017-02-26 23:27:06 UTC,200,200,false,
1161115003,121,309,2017-02-26 23:32:53 UTC,195,200,true,
1161115003,121,309,2017-02-26 23:31:22 UTC,195,200,true,
1161115003,121,309,2017-02-26 23:32:58 UTC,203,200,false,
1161115003,121,309,2017-02-26 23:16:24 UTC,197,200,true,
1161115003,121,309,2017-02-26 23:51:19 UTC,200,200,false,
1161115003,121,309,2017-02-26 23:42:03 UTC,198,200,true,
1161115003,121,309,2017-02-26 23:28:26 UTC,196,200,true,
1161115003,121,309,2017-02-26 23:45:10 UTC,202,200,false,
1161115003,121,309,2017-02-26 23:57:10 UTC,199,200,true,
1161115003,121,309,2017-02-26 23:39:07 UTC,200,200,false,
1161115003,121,309,2017-02-26 23:14:53 UTC,199,200,true,
1161115003,121,309,2017-02-26 23:49:46 UTC,200,200,false,
1161115003,121,309,2017-02-26 23:54:19 UTC,200,200,false,
1161115003,121,309,2017-02-26 23:35:55 UTC,195,200,true,
1161115003,121,309,2017-02-26 23:36:00 UTC,202,200,false,
1161115003,121,309,2017-02-26 23:48:08 UTC,199,200,true,
1161115003,121,309,2017-02-26 23:39:03 UTC,199,200,true,
1161115003,121,309,2017-02-27 00:06:13 UTC,203,200,false,
1161115003,121,309,2017-02-27 00:09:13 UTC,203,200,false,
1161115003,121,309,2017-02-27 00:13:41 UTC,204,200,false,
1161115003,121,309,2017-02-27 00:12:07 UTC,198,200,true,
1161115003,121,309,2017-02-27 00:22:59 UTC,202,200,false,
1161115003,121,309,2017-02-27 00:04:42 UTC,203,200,false,
1161115003,121,309,2017-02-27 00:12:13 UTC,204,200,false,
1161115003,121,309,2017-02-27 00:07:39 UTC,198,200,true,
1161115003,121,309,2017-02-27 00:18:16 UTC,199,200,true,
1161115003,121,309,2017-02-27 00:21:20 UTC,195,200,true,
1161115003,121,309,2017-02-27 00:24:30 UTC,203,200,false,
1161115003,121,309,2017-02-27 00:18:18 UTC,203,200,false,
1161115003,121,309,2017-02-27 00:13:36 UTC,193,200,true,
1161115003,121,309,2017-02-26 23:58:44 UTC,202,200,false,
1161115003,121,309,2017-02-27 00:22:52 UTC,198,200,true,
1161115003,121,309,2017-02-27 00:07:43 UTC,200,200,false,
1161115003,121,309,2017-02-27 00:26:03 UTC,203,200,false,
1161115003,121,309,2017-02-27 00:16:45 UTC,201,200,false,
1161115003,121,309,2017-02-27 00:04:38 UTC,199,200,true,
1161115003,121,309,2017-02-27 00:06:09 UTC,198,200,true,
1161115003,121,309,2017-02-27 00:19:53 UTC,203,200,false,
1161115003,121,309,2017-02-27 00:10:41 UTC,205,200,false,
1161115003,121,309,2017-02-27 00:25:57 UTC,199,200,true,
1161115003,121,309,2017-02-26 23:58:38 UTC,199,200,true,
1161115003,121,309,2017-02-27 00:24:23 UTC,198,200,true,
1161115003,121,309,2017-02-27 00:16:42 UTC,198,200,true,
1161115003,121,309,2017-02-27 00:15:10 UTC,194,200,true,
1161115003,121,309,2017-02-27 00:10:35 UTC,197,200,true,
1161115003,121,309,2017-02-27 00:15:14 UTC,203,200,false,
1161115003,121,309,2017-02-27 00:21:25 UTC,201,200,false,
1161115003,121,309,2017-02-27 00:09:07 UTC,196,200,true,
1161115003,121,309,2017-02-27 00:19:48 UTC,195,200,true,
